T     E/N       E-var/TT       M/N       M-var/T       Mabs/N       
      1.0000000     -1.9960000    0.031936000    -0.32230000   0.0043921600     0.99860000
      1.0000000     -1.9959000    0.032732760    0.089050000   0.0039927100     0.99865000
      1.0000000     -1.9952000    0.038307840     0.20993333   0.0043905956     0.99846667
      1.0000000     -1.9954000    0.036715360    0.061837500   0.0043161494     0.99851250
      1.0000000     -1.9955600    0.035441146     0.24530000   0.0043114736     0.99854000
      1.0000000     -1.9956333    0.034857062     0.29243333   0.0042251156     0.99856667
      1.0000000     -1.9959714    0.032163654     0.10990000   0.0038502335     0.99868571
      1.0000000     -1.9961250    0.030939938    0.054668750   0.0035813123     0.99875625
      1.0000000     -1.9960444    0.031581859     0.10835556   0.0035714721     0.99874444
      1.0000000     -1.9959400    0.032414066     0.11032500   0.0038230831     0.99868500
      1.0000000     -1.9959818    0.032080871     0.10474091   0.0038022836     0.99869545
      1.0000000     -1.9960167    0.031803199     0.10454583   0.0037849499     0.99870417
      1.0000000     -1.9961692    0.030587455    0.078123077   0.0037320956     0.99873846
      1.0000000     -1.9962714    0.029772962    0.086464286   0.0036368196     0.99877143
      1.0000000     -1.9962267    0.030129714     0.13941333   0.0037004500     0.99875333
      1.0000000     -1.9960375    0.031637194     0.12346250   0.0038307400     0.99870000
      1.0000000     -1.9960000    0.031936000     0.12919118   0.0038460891     0.99869118
      1.0000000     -1.9961111    0.031050617    0.071238889   0.0037712469     0.99872222
      1.0000000     -1.9959579    0.032271488    0.060215789   0.0039402760     0.99866842
      1.0000000     -1.9959000    0.032732760    0.051587500   0.0039477908     0.99865750
      1.0000000     -1.9960286    0.031708340    0.044845238   0.0038075505     0.99870238
      1.0000000     -1.9958818    0.032877617    0.053552273   0.0039609163     0.99865227
      1.0000000     -1.9958087    0.033460167    0.034147826   0.0040185841     0.99863043
      1.0000000     -1.9958333    0.033263889    0.046527083   0.0039884304     0.99863958
      1.0000000     -1.9959280    0.032509675    0.015952000   0.0039129031     0.99866800
      1.0000000     -1.9959462    0.032365035    0.031448077   0.0039352034     0.99866731
      1.0000000     -1.9959556    0.032290125    0.057000000   0.0039262617     0.99867037
      1.0000000     -1.9960000    0.031936000    0.058219643   0.0038895004     0.99868393
      1.0000000     -1.9960552    0.031496374    0.061543103   0.0038380855     0.99870172
      1.0000000     -1.9960400    0.031617274    0.072161667   0.0038432227     0.99869833
      1.0000000     -1.9960581    0.031473328    0.092777419   0.0038126618     0.99870645
      1.0000000     -1.9960375    0.031637194     0.10253281   0.0038775335     0.99869219
      1.0000000     -1.9960606    0.031453076     0.10595606   0.0038629212     0.99869848
      1.0000000     -1.9960353    0.031654771     0.10386765   0.0039166156     0.99868529
      1.0000000     -1.9959657    0.032209184     0.10135000   0.0040070880     0.99865857
      1.0000000     -1.9959556    0.032290125     0.11072083   0.0040233105     0.99865417
      1.0000000     -1.9959838    0.032065210     0.11424324   0.0040036516     0.99866216
      1.0000000     -1.9960000    0.031936000     0.11379211   0.0039823813     0.99866842
      1.0000000     -1.9960256    0.031731690    0.097462821   0.0039340642     0.99868077
      1.0000000     -1.9960450    0.031577432    0.092497500   0.0039131094     0.99868750
      1.0000000     -1.9960634    0.031430696    0.085026829   0.0038858721     0.99869512
      1.0000000     -1.9960857    0.031252999    0.084673810   0.0038504323     0.99870476
      1.0000000     -1.9960930    0.031194756    0.087291860   0.0038375104     0.99870814
      1.0000000     -1.9961136    0.031030494    0.068225000   0.0038388122     0.99871136
      1.0000000     -1.9961422    0.030802692    0.059456667   0.0038090133     0.99872111
      1.0000000     -1.9961739    0.030550140    0.051447826   0.0037848572     0.99873043
      1.0000000     -1.9961149    0.031020475    0.039439362   0.0038252980     0.99871383
      1.0000000     -1.9961000    0.031139160    0.041134375   0.0038370871     0.99870938
      1.0000000     -1.9961265    0.030927740    0.042972449   0.0038036442     0.99871939
      1.0000000     -1.9961360    0.030852278    0.056689000   0.0037794975     0.99872500
      1.0000000     -1.9960980    0.031154785    0.046392157   0.0038208128     0.99871176
      1.0000000     -1.9960808    0.031292405    0.049123077   0.0038394537     0.99870577
      1.0000000     -1.9960377    0.031635315    0.049070755   0.0038705296     0.99869340
      1.0000000     -1.9960333    0.031670396    0.061672222   0.0038709405     0.99869259
      1.0000000     -1.9960545    0.031501370    0.063897273   0.0038750108     0.99869545
      1.0000000     -1.9960357    0.031651423    0.065494643   0.0039145192     0.99868571
      1.0000000     -1.9960667    0.031404782    0.068202632   0.0038861768     0.99869561
      1.0000000     -1.9960276    0.031716190    0.067611207   0.0039292573     0.99868190
      1.0000000     -1.9960542    0.031503826    0.073286441   0.0039185398     0.99868814
      1.0000000     -1.9960667    0.031404782    0.067395000   0.0038998372     0.99869333
      1.0000000     -1.9960557    0.031491870    0.054889344   0.0039128009     0.99868934
      1.0000000     -1.9960000    0.031936000    0.057784677   0.0039816186     0.99866855
      1.0000000     -1.9959746    0.032138359    0.069387302   0.0040340397     0.99865556
      1.0000000     -1.9959594    0.032259693    0.075513281   0.0040474059     0.99865078
      1.0000000     -1.9959415    0.032401808    0.073849231   0.0040757120     0.99864308
      1.0000000     -1.9959212    0.032563757    0.068740909   0.0041046667     0.99863485
      1.0000000     -1.9959463    0.032364120    0.070468657   0.0040702654     0.99864478
      1.0000000     -1.9959794    0.032100045    0.061479412   0.0040368910     0.99865588
      1.0000000     -1.9959507    0.032328616    0.061584783   0.0040607946     0.99864710
      1.0000000     -1.9959657    0.032209184    0.058804286   0.0040413123     0.99865286
      1.0000000     -1.9959634    0.032227781    0.060811972   0.0040223482     0.99865563
      1.0000000     -1.9959694    0.032179463    0.068861111   0.0040205626     0.99865694
      1.0000000     -1.9959479    0.032350762    0.064770548   0.0040406552     0.99865000
      1.0000000     -1.9959135    0.032625094    0.062404730   0.0040669245     0.99863986
      1.0000000     -1.9959067    0.032679645    0.057790000   0.0040712465     0.99863800
      1.0000000     -1.9959263    0.032523094    0.055168421   0.0040505478     0.99864474
      1.0000000     -1.9959403    0.032411996    0.060090260   0.0040407479     0.99864870
      1.0000000     -1.9959615    0.032242456    0.051625000   0.0040196953     0.99865577
      1.0000000     -1.9959772    0.032117547    0.050668354   0.0039979026     0.99866203
      1.0000000     -1.9960050    0.031896160    0.057223750   0.0039629510     0.99867250
      1.0000000     -1.9960198    0.031778606    0.056181481   0.0039386990     0.99867901
      1.0000000     -1.9960195    0.031780525    0.064500000   0.0039442293     0.99867805
      1.0000000     -1.9959952    0.031974400    0.068848795   0.0039724348     0.99866928
      1.0000000     -1.9960071    0.031879086    0.070047619   0.0039643808     0.99867262
      1.0000000     -1.9960165    0.031804761    0.075696471   0.0039576865     0.99867529
      1.0000000     -1.9960279    0.031713634    0.082186628   0.0039430267     0.99867965
      1.0000000     -1.9960184    0.031789461    0.083643103   0.0039527628     0.99867644
      1.0000000     -1.9960364    0.031646249    0.075947727   0.0039316979     0.99868295
      1.0000000     -1.9960517    0.031524160    0.071012921   0.0039223184     0.99868708
      1.0000000     -1.9960711    0.031369366    0.070401111   0.0039042816     0.99869333
      1.0000000     -1.9960571    0.031480673    0.071069231   0.0039162022     0.99868901
      1.0000000     -1.9960587    0.031468299    0.064876087   0.0039170395     0.99868913
      1.0000000     -1.9960667    0.031404782    0.061604839   0.0038953289     0.99869409
      1.0000000     -1.9960638    0.031427388    0.065636170   0.0038953011     0.99869362
      1.0000000     -1.9960316    0.031684375    0.064032632   0.0039320000     0.99868211
      1.0000000     -1.9960250    0.031736798    0.064651562   0.0039336631     0.99868073
      1.0000000     -1.9960433    0.031590986    0.064464948   0.0039044618     0.99868866
      1.0000000     -1.9960408    0.031610769    0.058332653   0.0039073978     0.99868776
      1.0000000     -1.9960727    0.031356488    0.061548990   0.0038750424     0.99869848
      1.0000000     -1.9960720    0.031362283    0.054564500   0.0038802140     0.99869750
      1.0000000     -1.9960752    0.031336405    0.055334158   0.0038714527     0.99869950
      1.0000000     -1.9960686    0.031389158    0.047627941   0.0038824200     0.99869657
      1.0000000     -1.9960641    0.031425413    0.046100485   0.0038776706     0.99869660
      1.0000000     -1.9960500    0.031537590    0.038918269   0.0038835544     0.99869327
      1.0000000     -1.9960419    0.031602096    0.031343333   0.0038893361     0.99869095
      1.0000000     -1.9960434    0.031590211    0.034852830   0.0038874910     0.99869151
      1.0000000     -1.9960542    0.031504078    0.040543458   0.0038782332     0.99869486
      1.0000000     -1.9960407    0.031611371    0.040840278   0.0039088501     0.99868750
      1.0000000     -1.9959963    0.031965240    0.039320642   0.0039406815     0.99867477
      1.0000000     -1.9960018    0.031921513    0.043429091   0.0039366283     0.99867636
      1.0000000     -1.9959658    0.032208774    0.037984685   0.0039748420     0.99866396
      1.0000000     -1.9959643    0.032220566    0.039578571   0.0039767825     0.99866339
      1.0000000     -1.9959735    0.032147537    0.036663274   0.0039654568     0.99866681
      1.0000000     -1.9959789    0.032103746    0.039972368   0.0039587017     0.99866886
      1.0000000     -1.9959635    0.032227000    0.034324783   0.0039936918     0.99866043
      1.0000000     -1.9959690    0.032183279    0.030862500   0.0039868099     0.99866250
      1.0000000     -1.9959607    0.032249266    0.025688034   0.0039996442     0.99865897
      1.0000000     -1.9959542    0.032300629    0.019202542   0.0040114180     0.99865593
      1.0000000     -1.9959681    0.032190436    0.019846639   0.0039953485     0.99866092
      1.0000000     -1.9959617    0.032241434    0.022074583   0.0039969798     0.99865958
      1.0000000     -1.9959587    0.032265249    0.021580992   0.0040043648     0.99865785
      1.0000000     -1.9959525    0.032314798    0.023070082   0.0040132592     0.99865533
      1.0000000     -1.9959659    0.032208073    0.021233333   0.0039928281     0.99866098
      1.0000000     -1.9959694    0.032180177    0.024291129   0.0039896143     0.99866210
      1.0000000     -1.9959568    0.032280210    0.028592400   0.0039968047     0.99865880
      1.0000000     -1.9959508    0.032328067    0.025429365   0.0040197369     0.99865397
      1.0000000     -1.9959701    0.032174409    0.030550787   0.0040014815     0.99866024
      1.0000000     -1.9959594    0.032259693    0.028366797   0.0040216710     0.99865508
      1.0000000     -1.9959411    0.032405419    0.028634496   0.0040523664     0.99864690
      1.0000000     -1.9959585    0.032266972    0.021379231   0.0040327432     0.99865308
      1.0000000     -1.9959634    0.032227952    0.019258397   0.0040240653     0.99865534
      1.0000000     -1.9959500    0.032334390    0.015506818   0.0040427100     0.99865000
      1.0000000     -1.9959594    0.032259506    0.016406015   0.0040273411     0.99865414
      1.0000000     -1.9959612    0.032245200    0.015865299   0.0040248518     0.99865485
      1.0000000     -1.9959274    0.032514397    0.013306667   0.0040666998     0.99864222
      1.0000000     -1.9959309    0.032486710    0.011544118   0.0040588228     0.99864412
      1.0000000     -1.9959080    0.032668790    0.016705109   0.0040947293     0.99863431
      1.0000000     -1.9959072    0.032675026    0.016406159   0.0040845856     0.99863587
      1.0000000     -1.9959151    0.032612391    0.010589568   0.0040767578     0.99863849
      1.0000000     -1.9959214    0.032562032    0.013377857   0.0040783081     0.99863929
      1.0000000     -1.9959277    0.032512388    0.015021631   0.0040755888     0.99864078
      1.0000000     -1.9959423    0.032396111    0.016365141   0.0040665965     0.99864472
      1.0000000     -1.9959315    0.032482040    0.013694406   0.0040765314     0.99864126
      1.0000000     -1.9958958    0.032765957    0.010599306   0.0041133166     0.99862917
      1.0000000     -1.9959021    0.032716276    0.015328621   0.0041145614     0.99863000
      1.0000000     -1.9959260    0.032525392    0.015778082   0.0040884741     0.99863836
      1.0000000     -1.9959388    0.032423822    0.013894898   0.0040763024     0.99864252
      1.0000000     -1.9959284    0.032506661    0.017506081   0.0040817893     0.99863986
      1.0000000     -1.9959195    0.032577692    0.015848993   0.0040985936     0.99863557
      1.0000000     -1.9959267    0.032520298    0.012644667   0.0040992320     0.99863667
      1.0000000     -1.9959377    0.032432006   0.0097682119   0.0040959028     0.99863907
      1.0000000     -1.9959276    0.032512611    0.010587171   0.0041011162     0.99863651
      1.0000000     -1.9959373    0.032435937    0.011031373   0.0040906394     0.99863987
      1.0000000     -1.9959364    0.032443038   0.0082568182   0.0040854651     0.99864058
      1.0000000     -1.9959458    0.032367802   0.0056754839   0.0040752243     0.99864387
      1.0000000     -1.9959449    0.032375249   0.0031830128   0.0040817327     0.99864263
      1.0000000     -1.9959605    0.032250654   0.0074831210   0.0040608491     0.99864873
      1.0000000     -1.9959456    0.032369689    0.011855696   0.0040761858     0.99864367
      1.0000000     -1.9959409    0.032407050    0.010571384   0.0040863253     0.99864119
      1.0000000     -1.9959400    0.032414066    0.012096250   0.0040888584     0.99864062
      1.0000000     -1.9959304    0.032490276   0.0090670807   0.0040919643     0.99863851
      1.0000000     -1.9959457    0.032368818    0.012491667   0.0040735107     0.99864414
      1.0000000     -1.9959252    0.032532356    0.011953374   0.0040895127     0.99863804
      1.0000000     -1.9959207    0.032567585   0.0095887195   0.0040992617     0.99863567
      1.0000000     -1.9959394    0.032418894    0.015192727   0.0040811062     0.99864182
      1.0000000     -1.9959289    0.032502380    0.015162048   0.0040901762     0.99863855
      1.0000000     -1.9959234    0.032546697    0.014145509   0.0040931691     0.99863713
      1.0000000     -1.9959238    0.032543062   0.0091931548   0.0040967313     0.99863661
      1.0000000     -1.9959077    0.032671474    0.012867456   0.0041191216     0.99863018
      1.0000000     -1.9959059    0.032685894    0.018028824   0.0041218977     0.99862941
      1.0000000     -1.9959135    0.032625598    0.020352924   0.0041112327     0.99863246
      1.0000000     -1.9959047    0.032695703    0.019168895   0.0041174918     0.99862994
      1.0000000     -1.9958994    0.032737365    0.019029191   0.0041340703     0.99862630
      1.0000000     -1.9959023    0.032714445    0.014958333   0.0041240846     0.99862845
      1.0000000     -1.9959109    0.032646258    0.014084000   0.0041113714     0.99863200
      1.0000000     -1.9959057    0.032687492    0.014620455   0.0041106879     0.99863125
      1.0000000     -1.9959006    0.032728259    0.013999435   0.0041167794     0.99862938
      1.0000000     -1.9959056    0.032688000    0.014170225   0.0041093623     0.99863146
      1.0000000     -1.9959039    0.032701603    0.013227095   0.0041070347     0.99863156
      1.0000000     -1.9959089    0.032661940    0.012694444   0.0041047450     0.99863278
      1.0000000     -1.9958939    0.032781179    0.014791713   0.0041206431     0.99862762
      1.0000000     -1.9958846    0.032855331    0.013791758   0.0041286982     0.99862473
      1.0000000     -1.9958842    0.032859015    0.016121858   0.0041290450     0.99862459
      1.0000000     -1.9958891    0.032819360    0.014328804   0.0041218033     0.99862663
      1.0000000     -1.9958843    0.032857650    0.012331892   0.0041210966     0.99862595
      1.0000000     -1.9958882    0.032826995    0.013100269   0.0041177300     0.99862715
      1.0000000     -1.9958781    0.032907440    0.014223797   0.0041277184     0.99862380
      1.0000000     -1.9958915    0.032800566    0.019463564   0.0041195915     0.99862739
      1.0000000     -1.9958952    0.032770699    0.020670635   0.0041178707     0.99862831
      1.0000000     -1.9958916    0.032799852    0.017041053   0.0041229841     0.99862684
      1.0000000     -1.9958911    0.032803672    0.013822251   0.0041186428     0.99862749
      1.0000000     -1.9958906    0.032807452    0.017839323   0.0041190258     0.99862734
      1.0000000     -1.9958870    0.032835961    0.018726166   0.0041225021     0.99862617
      1.0000000     -1.9958856    0.032847750    0.019703608   0.0041171996     0.99862680
      1.0000000     -1.9958851    0.032851246    0.019382308   0.0041160484     0.99862692
      1.0000000     -1.9958867    0.032838447    0.019578571   0.0041138941     0.99862755
      1.0000000     -1.9958944    0.032777247    0.021897716   0.0041117728     0.99862919
      1.0000000     -1.9958949    0.032772998    0.025848485   0.0041116766     0.99862929
      1.0000000     -1.9958764    0.032920928    0.024215327   0.0041316100     0.99862286
      1.0000000     -1.9958710    0.032963805    0.024975000   0.0041343990     0.99862150
      1.0000000     -1.9958796    0.032895273    0.024294776   0.0041212946     0.99862512
      1.0000000     -1.9958832    0.032866860    0.027494307   0.0041137464     0.99862698
      1.0000000     -1.9958887    0.032823028    0.025166749   0.0041082430     0.99862882
      1.0000000     -1.9958980    0.032748382    0.020884559   0.0040979076     0.99863211
      1.0000000     -1.9958927    0.032791056    0.021581463   0.0041037146     0.99863024
      1.0000000     -1.9958942    0.032779171    0.021055340   0.0041002711     0.99863107
      1.0000000     -1.9958889    0.032821284    0.019888647   0.0041060105     0.99862923
      1.0000000     -1.9958885    0.032824689    0.021421635   0.0041078644     0.99862885
      1.0000000     -1.9958957    0.032767068    0.020557177   0.0040972970     0.99863182
      1.0000000     -1.9958895    0.032816225    0.020985476   0.0041034422     0.99862976
      1.0000000     -1.9958834    0.032864916    0.018034123   0.0041081099     0.99862796
      1.0000000     -1.9958868    0.032837986    0.016786085   0.0040967423     0.99863042
      1.0000000     -1.9958977    0.032751462    0.017924413   0.0040845579     0.99863427
      1.0000000     -1.9959000    0.032732760    0.018901402   0.0040822672     0.99863505
      1.0000000     -1.9959098    0.032654940    0.018290930   0.0040749044     0.99863791
      1.0000000     -1.9959102    0.032651612    0.018481944   0.0040694414     0.99863889
      1.0000000     -1.9959032    0.032707059    0.020499770   0.0040759751     0.99863664
      1.0000000     -1.9959009    0.032725451    0.017999312   0.0040801678     0.99863555
      1.0000000     -1.9959005    0.032729122    0.017564840   0.0040765771     0.99863607
      1.0000000     -1.9959036    0.032703788    0.018701364   0.0040698496     0.99863773
      1.0000000     -1.9959131    0.032628212    0.017278054   0.0040600327     0.99864095
      1.0000000     -1.9959081    0.032668161    0.016291216   0.0040669146     0.99863896
      1.0000000     -1.9959058    0.032686314    0.014285874   0.0040683683     0.99863834
      1.0000000     -1.9959018    0.032718533    0.016130357   0.0040747075     0.99863661
      1.0000000     -1.9959084    0.032665481    0.016855111   0.0040663697     0.99863911
      1.0000000     -1.9959053    0.032690456    0.016713053   0.0040682465     0.99863827
      1.0000000     -1.9959040    0.032701172    0.016296035   0.0040692306     0.99863789
      1.0000000     -1.9959061    0.032683838    0.017263816   0.0040632075     0.99863925
      1.0000000     -1.9959057    0.032687531    0.018027293   0.0040690013     0.99863821
      1.0000000     -1.9958983    0.032746616    0.017247174   0.0040782040     0.99863543
      1.0000000     -1.9959039    0.032701719    0.020268831   0.0040704982     0.99863766
      1.0000000     -1.9959069    0.032677814    0.018390086   0.0040693079     0.99863836
      1.0000000     -1.9959124    0.032633597    0.014800644   0.0040591359     0.99864099
      1.0000000     -1.9959171    0.032596567    0.013473504   0.0040507556     0.99864316
      1.0000000     -1.9959115    0.032641221    0.016207021   0.0040526224     0.99864191
      1.0000000     -1.9959195    0.032577466    0.013407415   0.0040413861     0.99864513
      1.0000000     -1.9959046    0.032695781    0.014319409   0.0040592646     0.99863966
      1.0000000     -1.9959034    0.032705979    0.014425420   0.0040703066     0.99863761
      1.0000000     -1.9958937    0.032782763    0.015535774   0.0040841645     0.99863368
      1.0000000     -1.9958942    0.032779235    0.015500625   0.0040854478     0.99863354
      1.0000000     -1.9958979    0.032749289    0.012615145   0.0040800996     0.99863506
      1.0000000     -1.9958975    0.032752513    0.012540289   0.0040805627     0.99863492
      1.0000000     -1.9958996    0.032736039    0.014554733   0.0040797942     0.99863539
      1.0000000     -1.9959008    0.032726230    0.018271721   0.0040818940     0.99863525
      1.0000000     -1.9959053    0.032690485    0.017709796   0.0040799085     0.99863633
      1.0000000     -1.9959049    0.032693896    0.020323780   0.0040840167     0.99863557
      1.0000000     -1.9959093    0.032658571    0.018804656   0.0040796139     0.99863704
      1.0000000     -1.9959048    0.032694209    0.019746976   0.0040808654     0.99863609
      1.0000000     -1.9959060    0.032684765    0.016848594   0.0040745004     0.99863735
      1.0000000     -1.9959080    0.032669022    0.016911000   0.0040713820     0.99863820
      1.0000000     -1.9959155    0.032608966    0.016060159   0.0040643217     0.99864064
      1.0000000     -1.9959127    0.032631589    0.013540079   0.0040648247     0.99864008
      1.0000000     -1.9959209    0.032565856    0.014604743   0.0040598202     0.99864229
      1.0000000     -1.9959165    0.032601018    0.014354528   0.0040599411     0.99864154
      1.0000000     -1.9959114    0.032642152    0.011999608   0.0040663228     0.99863961
      1.0000000     -1.9959086    0.032664292    0.012811328   0.0040668101     0.99863906
      1.0000000     -1.9959136    0.032624257    0.014209144   0.0040599282     0.99864105
      1.0000000     -1.9958961    0.032763641    0.013206589   0.0040840102     0.99863411
      1.0000000     -1.9959004    0.032729684    0.011714286   0.0040798115     0.99863552
      1.0000000     -1.9959038    0.032702117    0.010301538   0.0040771793     0.99863654
      1.0000000     -1.9958958    0.032766338    0.011061494   0.0040871670     0.99863352
      1.0000000     -1.9959000    0.032732760    0.011274618   0.0040830043     0.99863492
      1.0000000     -1.9959011    0.032723672    0.012072243   0.0040746928     0.99863650
      1.0000000     -1.9959038    0.032702581    0.012109280   0.0040702280     0.99863769
      1.0000000     -1.9959117    0.032639558    0.012159245   0.0040620397     0.99864038
      1.0000000     -1.9959135    0.032624933    0.010833647   0.0040591556     0.99864117
      1.0000000     -1.9959131    0.032628320    0.012324906   0.0040574107     0.99864139
      1.0000000     -1.9959082    0.032667357    0.010488806   0.0040634922     0.99863955
      1.0000000     -1.9959175    0.032593555   0.0088009294   0.0040569377     0.99864219
      1.0000000     -1.9959185    0.032585218   0.0078075926   0.0040567018     0.99864241
      1.0000000     -1.9959159    0.032606342   0.0059542435   0.0040583027     0.99864170
      1.0000000     -1.9959221    0.032557011   0.0062174632   0.0040511002     0.99864393
      1.0000000     -1.9959311    0.032484693   0.0068826007   0.0040413963     0.99864707
      1.0000000     -1.9959307    0.032488506   0.0081171533   0.0040430394     0.99864672
      1.0000000     -1.9959316    0.032480703   0.0069287273   0.0040406805     0.99864727
      1.0000000     -1.9959341    0.032461409   0.0059018116   0.0040376180     0.99864819
      1.0000000     -1.9959401    0.032413490   0.0047104693   0.0040295390     0.99865054
      1.0000000     -1.9959439    0.032383113   0.0069609712   0.0040269001     0.99865162
      1.0000000     -1.9959484    0.032347241   0.0088437276   0.0040228504     0.99865305
      1.0000000     -1.9959543    0.032300243   0.0083283929   0.0040181191     0.99865482
      1.0000000     -1.9959495    0.032338643   0.0062706406   0.0040208623     0.99865356
      1.0000000     -1.9959511    0.032325914   0.0094060284   0.0040182878     0.99865426
      1.0000000     -1.9959541    0.032302013    0.011886572   0.0040182031     0.99865477
      1.0000000     -1.9959599    0.032255836    0.011975528   0.0040135548     0.99865651
      1.0000000     -1.9959607    0.032249122    0.012578421   0.0040113821     0.99865702
      1.0000000     -1.9959538    0.032303745    0.012742657   0.0040172383     0.99865490
      1.0000000     -1.9959589    0.032263597    0.013454181   0.0040119451     0.99865662
      1.0000000     -1.9959569    0.032279059    0.016157813   0.0040132616     0.99865608
      1.0000000     -1.9959578    0.032272358    0.014457093   0.0040142285     0.99865606
      1.0000000     -1.9959517    0.032320653    0.015174138   0.0040196512     0.99865414
      1.0000000     -1.9959546    0.032297427    0.013415464   0.0040195641     0.99865464
      1.0000000     -1.9959541    0.032301646    0.015221918   0.0040181042     0.99865479
      1.0000000     -1.9959529    0.032311276    0.015091126   0.0040221039     0.99865392
      1.0000000     -1.9959565    0.032282899    0.015432143   0.0040155596     0.99865561
      1.0000000     -1.9959593    0.032260115    0.018375932   0.0040104120     0.99865695
      1.0000000     -1.9959608    0.032248253    0.017630912   0.0040079946     0.99865760
      1.0000000     -1.9959569    0.032279395    0.017445791   0.0040102892     0.99865657
      1.0000000     -1.9959651    0.032214073    0.019780369   0.0040045507     0.99865889
      1.0000000     -1.9959692    0.032181165    0.020987291   0.0040008465     0.99866020
      1.0000000     -1.9959727    0.032153789    0.022365167   0.0039965003     0.99866150
      1.0000000     -1.9959714    0.032163654    0.022466113   0.0039994707     0.99866080
      1.0000000     -1.9959748    0.032136517    0.021930629   0.0039971410     0.99866175
      1.0000000     -1.9959782    0.032109558    0.020408746   0.0039918618     0.99866320
      1.0000000     -1.9959757    0.032129956    0.021745888   0.0040003978     0.99866135
      1.0000000     -1.9959744    0.032139769    0.022573115   0.0040013527     0.99866098
      1.0000000     -1.9959712    0.032165142    0.023476961   0.0040062124     0.99865964
      1.0000000     -1.9959700    0.032174777    0.022874267   0.0040051913     0.99865961
      1.0000000     -1.9959701    0.032174002    0.022040422   0.0040093646     0.99865893
      1.0000000     -1.9959696    0.032178389    0.020744337   0.0040070488     0.99865922
      1.0000000     -1.9959748    0.032136483    0.023616129   0.0039999282     0.99866129
      1.0000000     -1.9959685    0.032187078    0.023834887   0.0040092022     0.99865868
      1.0000000     -1.9959705    0.032170950    0.024248558   0.0040046742     0.99865978
      1.0000000     -1.9959668    0.032200747    0.025682907   0.0040059053     0.99865895
      1.0000000     -1.9959707    0.032169454    0.026454140   0.0040023738     0.99866019
      1.0000000     -1.9959562    0.032285067    0.027139365   0.0040156270     0.99865556
      1.0000000     -1.9959532    0.032309176    0.025490032   0.0040202877     0.99865427
      1.0000000     -1.9959539    0.032302972    0.025855363   0.0040183131     0.99865473
      1.0000000     -1.9959516    0.032321862    0.026566667   0.0040141479     0.99865503
      1.0000000     -1.9959555    0.032290680    0.027186050   0.0040106459     0.99865627
      1.0000000     -1.9959512    0.032324430    0.027737187   0.0040158855     0.99865469
      1.0000000     -1.9959558    0.032288471    0.027609034   0.0040102243     0.99865639
      1.0000000     -1.9959578    0.032272530    0.024702795   0.0040095538     0.99865683
      1.0000000     -1.9959653    0.032212285    0.022376161   0.0040033346     0.99865913
      1.0000000     -1.9959599    0.032255697    0.021997068   0.0040054491     0.99865787
      1.0000000     -1.9959563    0.032284133    0.022160615   0.0040093967     0.99865662
      1.0000000     -1.9959564    0.032283065    0.020590031   0.0040114894     0.99865629
      1.0000000     -1.9959609    0.032247891    0.021677982   0.0040068613     0.99865780
      1.0000000     -1.9959585    0.032266374    0.020476220   0.0040092489     0.99865701
      1.0000000     -1.9959629    0.032231464    0.021937538   0.0040028353     0.99865881
      1.0000000     -1.9959606    0.032249885    0.020955303   0.0040034058     0.99865833
      1.0000000     -1.9959619    0.032239308    0.020143807   0.0040030746     0.99865861
      1.0000000     -1.9959651    0.032214395    0.017862651   0.0040018466     0.99865934
      1.0000000     -1.9959652    0.032213559    0.017924324   0.0040012202     0.99865946
      1.0000000     -1.9959617    0.032241355    0.018242515   0.0040059707     0.99865808
      1.0000000     -1.9959690    0.032183361    0.018214030   0.0039999850     0.99866030
      1.0000000     -1.9959720    0.032158911    0.019947619   0.0039987808     0.99866101
      1.0000000     -1.9959769    0.032120420    0.020009496   0.0039940325     0.99866261
      1.0000000     -1.9959840    0.032063298    0.018651036   0.0039872492     0.99866494
      1.0000000     -1.9959870    0.032039419    0.019269469   0.0039807929     0.99866652
      1.0000000     -1.9959829    0.032071924    0.019341324   0.0039849315     0.99866515
      1.0000000     -1.9959777    0.032113584    0.018483724   0.0039896292     0.99866349
      1.0000000     -1.9959778    0.032113065    0.018220760   0.0039864280     0.99866404
      1.0000000     -1.9959813    0.032084673    0.018646064   0.0039841249     0.99866501
      1.0000000     -1.9959791    0.032102770    0.016556541   0.0039821150     0.99866497
      1.0000000     -1.9959843    0.032060716    0.016835797   0.0039746327     0.99866710
      1.0000000     -1.9959884    0.032028115    0.018438295   0.0039694995     0.99866864
      1.0000000     -1.9959833    0.032069182    0.017005620   0.0039758865     0.99866671
      1.0000000     -1.9959805    0.032091695    0.016685920   0.0039785119     0.99866580
      1.0000000     -1.9959794    0.032100381    0.015807880   0.0039811252     0.99866519
      1.0000000     -1.9959806    0.032090805    0.015918857   0.0039825869     0.99866514
      1.0000000     -1.9959783    0.032108525    0.016279345   0.0039857405     0.99866425
      1.0000000     -1.9959818    0.032080871    0.018263920   0.0039826475     0.99866534
      1.0000000     -1.9959830    0.032071432    0.019755949   0.0039823957     0.99866558
      1.0000000     -1.9959859    0.032048542    0.021571328   0.0039813024     0.99866624
      1.0000000     -1.9959927    0.031994357    0.023779577   0.0039740362     0.99866859
      1.0000000     -1.9959949    0.031976288    0.024322331   0.0039690459     0.99866980
      1.0000000     -1.9959950    0.031976175    0.026338796   0.0039685535     0.99866989
      1.0000000     -1.9959994    0.031940451    0.024961592   0.0039624950     0.99867165
      1.0000000     -1.9959922    0.031998146    0.025614206   0.0039656255     0.99866992
      1.0000000     -1.9959922    0.031997973    0.025354444   0.0039684740     0.99866944
      1.0000000     -1.9959956    0.031971315    0.025542659   0.0039646763     0.99867064
      1.0000000     -1.9959967    0.031962413    0.026476934   0.0039628259     0.99867113
      1.0000000     -1.9959972    0.031957950    0.027391598   0.0039629097     0.99867121
      1.0000000     -1.9959973    0.031957890    0.027925000   0.0039632663     0.99867115
      1.0000000     -1.9959967    0.031962196    0.026432603   0.0039638935     0.99867096
      1.0000000     -1.9959967    0.031962125    0.025784563   0.0039658819     0.99867063
      1.0000000     -1.9959984    0.031949027    0.024269755   0.0039629664     0.99867139
      1.0000000     -1.9960049    0.031897026    0.022723098   0.0039560066     0.99867364
      1.0000000     -1.9959967    0.031961912    0.023809892   0.0039644783     0.99867087
      1.0000000     -1.9959995    0.031940307    0.025354865   0.0039594339     0.99867216
      1.0000000     -1.9959946    0.031978954    0.025113208   0.0039686636     0.99866981
      1.0000000     -1.9959973    0.031957419    0.023024328   0.0039636350     0.99867110
      1.0000000     -1.9960005    0.031931728    0.020721314   0.0039599725     0.99867225
      1.0000000     -1.9960096    0.031859302    0.021141578   0.0039510017     0.99867527
      1.0000000     -1.9960117    0.031842508    0.021946533   0.0039495200     0.99867587
      1.0000000     -1.9960149    0.031817327    0.021718617   0.0039483136     0.99867660
      1.0000000     -1.9960159    0.031809187    0.023282493   0.0039473745     0.99867692
      1.0000000     -1.9960069    0.031881193    0.024310714   0.0039577783     0.99867368
      1.0000000     -1.9960042    0.031902362    0.025488259   0.0039626072     0.99867243
      1.0000000     -1.9960000    0.031936000    0.024530526   0.0039666198     0.99867105
      1.0000000     -1.9960005    0.031931817    0.026072703   0.0039651177     0.99867139
      1.0000000     -1.9960042    0.031902626    0.028240707   0.0039612771     0.99867264
      1.0000000     -1.9960042    0.031902713    0.028763185   0.0039600565     0.99867285
      1.0000000     -1.9960042    0.031902800    0.028029427   0.0039580623     0.99867318
      1.0000000     -1.9960068    0.031882190    0.028979091   0.0039547867     0.99867416
      1.0000000     -1.9960104    0.031853430    0.029349093   0.0039517885     0.99867526
      1.0000000     -1.9960109    0.031849525    0.028436176   0.0039511218     0.99867545
      1.0000000     -1.9960005    0.031931893    0.028635567   0.0039604732     0.99867216
      1.0000000     -1.9960051    0.031895033    0.027244602   0.0039562023     0.99867365
      1.0000000     -1.9960041    0.031903311    0.025229872   0.0039624375     0.99867244
      1.0000000     -1.9960072    0.031878940    0.026021355   0.0039620102     0.99867302
      1.0000000     -1.9960066    0.031883151    0.024458418   0.0039603055     0.99867321
      1.0000000     -1.9960066    0.031883285    0.024909796   0.0039591184     0.99867341
      1.0000000     -1.9960071    0.031879374    0.023650381   0.0039576849     0.99867373
      1.0000000     -1.9960051    0.031895656    0.023919873   0.0039582758     0.99867329
      1.0000000     -1.9960030    0.031911855    0.024992172   0.0039626450     0.99867222
      1.0000000     -1.9960060    0.031887831    0.025022544   0.0039569433     0.99867368
      1.0000000     -1.9960075    0.031875939    0.027040578   0.0039565347     0.99867399
      1.0000000     -1.9960035    0.031908042    0.027487845   0.0039611220     0.99867256
      1.0000000     -1.9960005    0.031932016    0.028360750   0.0039629430     0.99867175
      1.0000000     -1.9959995    0.031939974    0.027459726   0.0039652563     0.99867120
      1.0000000     -1.9959940    0.031983570    0.026842040   0.0039735098     0.99866891
      1.0000000     -1.9959990    0.031943909    0.025628908   0.0039683650     0.99867060
      1.0000000     -1.9959985    0.031947834    0.024557426   0.0039666952     0.99867079
      1.0000000     -1.9959985    0.031947804    0.024529506   0.0039670064     0.99867074
      1.0000000     -1.9959985    0.031947775    0.026219458   0.0039687912     0.99867044
      1.0000000     -1.9959931    0.031990817    0.026981204   0.0039769345     0.99866818
      1.0000000     -1.9959946    0.031978965    0.027293260   0.0039750189     0.99866875
      1.0000000     -1.9959941    0.031982756    0.025929095   0.0039762821     0.99866846
      1.0000000     -1.9959980    0.031951547    0.026353293   0.0039717036     0.99866988
      1.0000000     -1.9960044    0.031901104    0.025856813   0.0039659373     0.99867190
      1.0000000     -1.9960019    0.031920528    0.027150364   0.0039718133     0.99867051
      1.0000000     -1.9959976    0.031955293    0.026962228   0.0039764489     0.99866901
      1.0000000     -1.9959952    0.031974493    0.026494203   0.0039808245     0.99866787
      1.0000000     -1.9959986    0.031947520    0.025965783   0.0039765299     0.99866916
      1.0000000     -1.9959990    0.031943662    0.025455048   0.0039751303     0.99866947
      1.0000000     -1.9959918    0.032000967    0.025692926   0.0039868898     0.99866631
      1.0000000     -1.9959928    0.031993186    0.027115789   0.0039880999     0.99866627
      1.0000000     -1.9959852    0.032053903    0.027371241   0.0039992950     0.99866313
      1.0000000     -1.9959843    0.032061210    0.027152976   0.0040021301     0.99866250
      1.0000000     -1.9959777    0.032113906    0.027719834   0.0040049415     0.99866093
      1.0000000     -1.9959787    0.032105932    0.027602014   0.0040025492     0.99866149
      1.0000000     -1.9959740    0.032143203    0.029394563   0.0040051138     0.99866028
      1.0000000     -1.9959741    0.032142714    0.028873821   0.0040046141     0.99866038
      1.0000000     -1.9959765    0.032123480    0.029315765   0.0040036512     0.99866094
      1.0000000     -1.9959822    0.032078151    0.027155399   0.0039989495     0.99866268
      1.0000000     -1.9959864    0.032044230    0.026760890   0.0039928647     0.99866440
      1.0000000     -1.9959860    0.032047700    0.026039603   0.0039940301     0.99866414
      1.0000000     -1.9959860    0.032047440    0.027893007   0.0039942601     0.99866410
      1.0000000     -1.9959847    0.032058299    0.026988721   0.0039958794     0.99866360
      1.0000000     -1.9959838    0.032065410    0.026546288   0.0039958709     0.99866346
      1.0000000     -1.9959856    0.032050355    0.025546181   0.0039930944     0.99866424
      1.0000000     -1.9959797    0.032097935    0.025205081   0.0039997688     0.99866212
      1.0000000     -1.9959834    0.032068187    0.026149770   0.0039960794     0.99866336
      1.0000000     -1.9959853    0.032053229    0.025099195   0.0039926332     0.99866425
      1.0000000     -1.9959817    0.032082200    0.023102408   0.0039940010     0.99866342
      1.0000000     -1.9959826    0.032074573    0.022429634   0.0039930864     0.99866373
      1.0000000     -1.9959840    0.032063341    0.021670776   0.0039919488     0.99866416
      1.0000000     -1.9959850    0.032055791    0.022297494   0.0039924074     0.99866424
      1.0000000     -1.9959836    0.032066384    0.022295341   0.0039912717     0.99866420
      1.0000000     -1.9959850    0.032055248    0.023204989   0.0039928623     0.99866417
      1.0000000     -1.9959824    0.032076611    0.023914253   0.0039978260     0.99866290
      1.0000000     -1.9959824    0.032076293    0.022822573   0.0039973642     0.99866298
      1.0000000     -1.9959869    0.032040086    0.021989414   0.0039933153     0.99866441
      1.0000000     -1.9959802    0.032093568    0.021860337   0.0039975644     0.99866258
      1.0000000     -1.9959816    0.032082496    0.023674776   0.0039957658     0.99866312
      1.0000000     -1.9959817    0.032082168    0.024590716   0.0039979925     0.99866275
      1.0000000     -1.9959804    0.032092513    0.025612277   0.0039982015     0.99866250
      1.0000000     -1.9959737    0.032145401    0.026306459   0.0040044027     0.99866036
      1.0000000     -1.9959756    0.032130771    0.027253778   0.0040030493     0.99866089
      1.0000000     -1.9959712    0.032165673    0.027748780   0.0040061176     0.99865965
      1.0000000     -1.9959726    0.032154588    0.028373562   0.0040049865     0.99866007
      1.0000000     -1.9959722    0.032157623    0.028296909   0.0040034165     0.99866026
      1.0000000     -1.9959789    0.032104485    0.028193943   0.0039983480     0.99866222
      1.0000000     -1.9959811    0.032086603    0.026649670   0.0039954879     0.99866308
      1.0000000     -1.9959807    0.032089767    0.025679496   0.0039939491     0.99866327
      1.0000000     -1.9959873    0.032037125    0.026583370   0.0039876240     0.99866543
      1.0000000     -1.9959860    0.032047342    0.026549236   0.0039891588     0.99866496
      1.0000000     -1.9959817    0.032081818    0.027168736   0.0039935087     0.99866351
      1.0000000     -1.9959835    0.032067644    0.027301739   0.0039902554     0.99866435
      1.0000000     -1.9959757    0.032129580    0.028505748   0.0039995581     0.99866150
      1.0000000     -1.9959745    0.032139509    0.028172294   0.0039984611     0.99866147
      1.0000000     -1.9959784    0.032108093    0.030266199   0.0039947908     0.99866274
      1.0000000     -1.9959759    0.032128329    0.031406573   0.0039969334     0.99866196
      1.0000000     -1.9959781    0.032110780    0.031919462   0.0039960699     0.99866247
      1.0000000     -1.9959755    0.032130923    0.032301288   0.0040001285     0.99866137
      1.0000000     -1.9959786    0.032106619    0.033354925   0.0039969120     0.99866242
      1.0000000     -1.9959786    0.032106255    0.034835363   0.0039964769     0.99866250
      1.0000000     -1.9959804    0.032092300    0.035942324   0.0039951952     0.99866301
      1.0000000     -1.9959757    0.032129264    0.035337447   0.0039958191     0.99866213
      1.0000000     -1.9959720    0.032159304    0.035416454   0.0039972896     0.99866125
      1.0000000     -1.9959708    0.032168959    0.035952331   0.0039987584     0.99866081
      1.0000000     -1.9959742    0.032141514    0.035529175   0.0039953754     0.99866195
      1.0000000     -1.9959684    0.032188148    0.035961814   0.0040016775     0.99865992
      1.0000000     -1.9959705    0.032170843    0.035314211   0.0040001917     0.99866053
      1.0000000     -1.9959731    0.032150263    0.036082143   0.0039978740     0.99866134
      1.0000000     -1.9959748    0.032136450    0.035421069   0.0039959831     0.99866195
      1.0000000     -1.9959782    0.032109360    0.035978975   0.0039938943     0.99866287
      1.0000000     -1.9959812    0.032085710    0.036797599   0.0039913967     0.99866378
      1.0000000     -1.9959783    0.032108638    0.038411667   0.0039949299     0.99866271
      1.0000000     -1.9959775    0.032114905    0.039053015   0.0039974146     0.99866216
      1.0000000     -1.9959730    0.032150902    0.039665975   0.0040023674     0.99866058
      1.0000000     -1.9959685    0.032186749    0.039938302   0.0040048197     0.99865942
      1.0000000     -1.9959661    0.032205985    0.040591632   0.0040049968     0.99865899
      1.0000000     -1.9959666    0.032202143    0.040842887   0.0040055900     0.99865897
      1.0000000     -1.9959650    0.032214711    0.040873971   0.0040102850     0.99865792
      1.0000000     -1.9959614    0.032243588    0.040864374   0.0040172117     0.99865616
      1.0000000     -1.9959619    0.032239693    0.039528996   0.0040147080     0.99865666
      1.0000000     -1.9959607    0.032248848    0.039760838   0.0040167025     0.99865613
      1.0000000     -1.9959571    0.032277478    0.038504388   0.0040223513     0.99865459
      1.0000000     -1.9959556    0.032289765    0.038952444   0.0040239148     0.99865407
      1.0000000     -1.9959533    0.032308479    0.037303659   0.0040289196     0.99865285
      1.0000000     -1.9959538    0.032304491    0.036901116   0.0040282398     0.99865304
      1.0000000     -1.9959457    0.032368260    0.035423381   0.0040330032     0.99865091
      1.0000000     -1.9959467    0.032360949    0.034446364   0.0040321170     0.99865121
      1.0000000     -1.9959468    0.032360092    0.034941935   0.0040322392     0.99865121
      1.0000000     -1.9959437    0.032384889    0.035386117   0.0040369745     0.99864990
      1.0000000     -1.9959458    0.032367988    0.036489357   0.0040348852     0.99865060
      1.0000000     -1.9959435    0.032386283    0.035377956   0.0040355969     0.99865010
      1.0000000     -1.9959468    0.032359886    0.034569400   0.0040311251     0.99865140
      1.0000000     -1.9959449    0.032374944    0.035176347   0.0040364247     0.99865020
      1.0000000     -1.9959446    0.032377244    0.035546315   0.0040367350     0.99865010
      1.0000000     -1.9959443    0.032379534    0.036286183   0.0040370440     0.99865000
      1.0000000     -1.9959452    0.032372331    0.036990675   0.0040355714     0.99865040
      1.0000000     -1.9959461    0.032365156    0.036191683   0.0040370696     0.99865030
      1.0000000     -1.9959478    0.032351711    0.036430138   0.0040352097     0.99865089
      1.0000000     -1.9959507    0.032328890    0.037370414   0.0040321780     0.99865187
      1.0000000     -1.9959575    0.032274790    0.036240059   0.0040248423     0.99865423
      1.0000000     -1.9959599    0.032255340    0.035972692   0.0040202731     0.99865540
      1.0000000     -1.9959608    0.032248464    0.035203529   0.0040194379     0.99865569
      1.0000000     -1.9959491    0.032341406    0.034411155   0.0040283507     0.99865225
      1.0000000     -1.9959512    0.032325053    0.034386230   0.0040257505     0.99865303
      1.0000000     -1.9959517    0.032321188    0.033103899   0.0040251034     0.99865322
      1.0000000     -1.9959533    0.032308038    0.033491342   0.0040244609     0.99865360
      1.0000000     -1.9959452    0.032372294    0.033212913   0.0040309750     0.99865117
      1.0000000     -1.9959438    0.032383801    0.032605426   0.0040318657     0.99865078
      1.0000000     -1.9959462    0.032364442    0.033376499   0.0040285122     0.99865174
      1.0000000     -1.9959463    0.032363615    0.034033494   0.0040280580     0.99865183
      1.0000000     -1.9959511    0.032325946    0.035732274   0.0040229979     0.99865347
      1.0000000     -1.9959515    0.032322132    0.035863077   0.0040223648     0.99865365
      1.0000000     -1.9959463    0.032364211    0.036133493   0.0040297707     0.99865154
      1.0000000     -1.9959448    0.032375602    0.035786686   0.0040300798     0.99865125
      1.0000000     -1.9959449    0.032374761    0.036936424   0.0040319173     0.99865096
      1.0000000     -1.9959431    0.032389129    0.035894370   0.0040352683     0.99865010
      1.0000000     -1.9959398    0.032415583    0.035867333   0.0040405051     0.99864867
      1.0000000     -1.9959403    0.032411642    0.036122433   0.0040409846     0.99864867
      1.0000000     -1.9959423    0.032395621    0.036140133   0.0040407073     0.99864905
      1.0000000     -1.9959432    0.032388714    0.035318750   0.0040404291     0.99864924
      1.0000000     -1.9959467    0.032360748    0.033998299   0.0040365714     0.99865047
      1.0000000     -1.9959472    0.032356940    0.033486132   0.0040347946     0.99865085
      1.0000000     -1.9959450    0.032374153    0.033464689   0.0040365915     0.99865019
      1.0000000     -1.9959391    0.032421254    0.033430169   0.0040413769     0.99864840
      1.0000000     -1.9959385    0.032426323    0.034952814   0.0040424083     0.99864812
      1.0000000     -1.9959386    0.032425405    0.034468258   0.0040419417     0.99864822
      1.0000000     -1.9959421    0.032397684    0.033574579   0.0040386842     0.99864935
      1.0000000     -1.9959410    0.032405741    0.034828545   0.0040404591     0.99864888
      1.0000000     -1.9959438    0.032384095    0.035983985   0.0040381446     0.99864972
      1.0000000     -1.9959439    0.032383262    0.036164219   0.0040360196     0.99865009
      1.0000000     -1.9959429    0.032391301    0.035688497   0.0040383451     0.99864954
      1.0000000     -1.9959426    0.032393409    0.036711944   0.0040380754     0.99864954
      1.0000000     -1.9959423    0.032395509    0.037031701   0.0040394673     0.99864926
      1.0000000     -1.9959432    0.032388781    0.037260148   0.0040369885     0.99864982
      1.0000000     -1.9959422    0.032396751    0.037270166   0.0040387436     0.99864936
      1.0000000     -1.9959360    0.032445701    0.038480055   0.0040425013     0.99864770
      1.0000000     -1.9959350    0.032453538    0.038483853   0.0040425915     0.99864752
      1.0000000     -1.9959355    0.032449671    0.038531136   0.0040414042     0.99864780
      1.0000000     -1.9959389    0.032422514    0.038221207   0.0040376717     0.99864899
      1.0000000     -1.9959391    0.032421626    0.037258668   0.0040366792     0.99864918
      1.0000000     -1.9959403    0.032412034    0.038142532   0.0040351469     0.99864964
      1.0000000     -1.9959422    0.032396682    0.036621727   0.0040321695     0.99865045
      1.0000000     -1.9959412    0.032404522    0.037278766   0.0040333643     0.99865009
      1.0000000     -1.9959373    0.032435428    0.037203261   0.0040365388     0.99864891
      1.0000000     -1.9959407    0.032408591    0.036056781   0.0040317726     0.99865027
      1.0000000     -1.9959415    0.032401985    0.035646661   0.0040315235     0.99865045
      1.0000000     -1.9959416    0.032401145    0.035649459   0.0040332525     0.99865018
      1.0000000     -1.9959392    0.032420371    0.036817536   0.0040346116     0.99864955
      1.0000000     -1.9959368    0.032439527    0.037827917   0.0040359659     0.99864892
      1.0000000     -1.9959409    0.032407212    0.037500448   0.0040308869     0.99865045
      1.0000000     -1.9959392    0.032420622    0.037286315   0.0040318871     0.99865000
      1.0000000     -1.9959379    0.032431139    0.037949732   0.0040343104     0.99864937
      1.0000000     -1.9959408    0.032407533    0.037451426   0.0040313948     0.99865036
      1.0000000     -1.9959413    0.032403858    0.036291370   0.0040313269     0.99865044
      1.0000000     -1.9959400    0.032414349    0.035142540   0.0040326745     0.99865000
      1.0000000     -1.9959397    0.032416326    0.035959131   0.0040329573     0.99864991
      1.0000000     -1.9959395    0.032418296    0.035372655   0.0040321790     0.99865000
      1.0000000     -1.9959403    0.032411813    0.033545848   0.0040324636     0.99865009
      1.0000000     -1.9959400    0.032413785    0.032288977   0.0040338016     0.99864982
      1.0000000     -1.9959394    0.032418554    0.032360651   0.0040337283     0.99864974
      1.0000000     -1.9959402    0.032412105    0.033037258   0.0040345349     0.99864974
      1.0000000     -1.9959421    0.032397292    0.034217105   0.0040332392     0.99865026
      1.0000000     -1.9959440    0.032382530    0.033831436   0.0040293257     0.99865123
      1.0000000     -1.9959423    0.032395679    0.032575437   0.0040282118     0.99865114
      1.0000000     -1.9959445    0.032378191    0.032280017   0.0040267602     0.99865175
      1.0000000     -1.9959460    0.032366316    0.032833275   0.0040251386     0.99865226
      1.0000000     -1.9959412    0.032404366    0.032814261   0.0040302818     0.99865061
      1.0000000     -1.9959385    0.032425685    0.033172917   0.0040322915     0.99864983
      1.0000000     -1.9959400    0.032413789    0.032854766   0.0040311877     0.99865026
      1.0000000     -1.9959391    0.032421234    0.033259429   0.0040344008     0.99864957
      1.0000000     -1.9959382    0.032428652    0.033286356   0.0040334653     0.99864957
      1.0000000     -1.9959414    0.032403076    0.031526034   0.0040289262     0.99865086
      1.0000000     -1.9959391    0.032421471    0.031905938   0.0040307497     0.99865017
      1.0000000     -1.9959419    0.032398733    0.031261168   0.0040274309     0.99865120
      1.0000000     -1.9959444    0.032378806    0.031010292   0.0040253213     0.99865197
      1.0000000     -1.9959435    0.032386234    0.030272260   0.0040259477     0.99865171
      1.0000000     -1.9959443    0.032380016    0.031003419   0.0040241861     0.99865214
      1.0000000     -1.9959464    0.032362943    0.031343430   0.0040212405     0.99865299
      1.0000000     -1.9959438    0.032383933    0.032238756   0.0040222076     0.99865239
      1.0000000     -1.9959429    0.032391301    0.031974150   0.0040243628     0.99865187
      1.0000000     -1.9959470    0.032358063    0.031238964   0.0040214357     0.99865306
      1.0000000     -1.9959458    0.032368151    0.030464407   0.0040222308     0.99865271
      1.0000000     -1.9959462    0.032364723    0.029236548   0.0040211683     0.99865296
      1.0000000     -1.9959500    0.032334390    0.030446199   0.0040179235     0.99865414
      1.0000000     -1.9959531    0.032309533    0.030858179   0.0040140151     0.99865531
      1.0000000     -1.9959475    0.032354510    0.029293266   0.0040210273     0.99865320
      1.0000000     -1.9959476    0.032353807    0.030482521   0.0040206445     0.99865328
      1.0000000     -1.9959487    0.032345085    0.030425503   0.0040192599     0.99865369
      1.0000000     -1.9959511    0.032325715    0.030786851   0.0040167119     0.99865452
      1.0000000     -1.9959462    0.032365035    0.030693645   0.0040228392     0.99865268
      1.0000000     -1.9959416    0.032401562    0.031527212   0.0040237807     0.99865175
      1.0000000     -1.9959387    0.032424689    0.031404667   0.0040273839     0.99865067
      1.0000000     -1.9959344    0.032458344    0.032039268   0.0040316370     0.99864925
      1.0000000     -1.9959385    0.032425712    0.031821678   0.0040277661     0.99865058
      1.0000000     -1.9959413    0.032403759    0.031995191   0.0040265543     0.99865124
      1.0000000     -1.9959404    0.032410900    0.032829884   0.0040286452     0.99865075
      1.0000000     -1.9959418    0.032399579    0.033266446   0.0040280935     0.99865107
      1.0000000     -1.9959436    0.032385666    0.032843647   0.0040268853     0.99865157
      1.0000000     -1.9959417    0.032400677    0.032914909   0.0040284703     0.99865099
      1.0000000     -1.9959391    0.032420880    0.032684704   0.0040298846     0.99865033
      1.0000000     -1.9959429    0.032391301    0.031904516   0.0040267161     0.99865148
      1.0000000     -1.9959384    0.032427127    0.030763525   0.0040315616     0.99864992
      1.0000000     -1.9959401    0.032413283    0.029657610   0.0040293774     0.99865057
      1.0000000     -1.9959402    0.032412503    0.029602859   0.0040285023     0.99865074
      1.0000000     -1.9959423    0.032396129    0.029967618   0.0040261679     0.99865147
      1.0000000     -1.9959381    0.032429118    0.030272068   0.0040283821     0.99865041
      1.0000000     -1.9959350    0.032454227    0.030040976   0.0040301040     0.99864959
      1.0000000     -1.9959334    0.032466320    0.029529789   0.0040314991     0.99864911
      1.0000000     -1.9959335    0.032465460    0.029302431   0.0040325690     0.99864895
      1.0000000     -1.9959324    0.032474918    0.029968042   0.0040333100     0.99864862
      1.0000000     -1.9959344    0.032458601    0.029325040   0.0040324419     0.99864911
      1.0000000     -1.9959300    0.032493740    0.028428468   0.0040386490     0.99864734
      1.0000000     -1.9959269    0.032518502    0.028420451   0.0040403376     0.99864654
      1.0000000     -1.9959264    0.032522690    0.029111977   0.0040397787     0.99864654
      1.0000000     -1.9959274    0.032514075    0.029873756   0.0040393848     0.99864679
      1.0000000     -1.9959266    0.032520809    0.028691987   0.0040375489     0.99864696
      1.0000000     -1.9959181    0.032588712    0.027613840   0.0040452877     0.99864424
      1.0000000     -1.9959192    0.032580033    0.027452636   0.0040448868     0.99864449
      1.0000000     -1.9959199    0.032573923    0.027387241   0.0040446458     0.99864466
      1.0000000     -1.9959166    0.032600818    0.026504220   0.0040488486     0.99864339
      1.0000000     -1.9959132    0.032627628    0.025759380   0.0040506577     0.99864253
      1.0000000     -1.9959156    0.032608825    0.026661587   0.0040491440     0.99864317
      1.0000000     -1.9959084    0.032665840    0.026631696   0.0040594823     0.99864025
      1.0000000     -1.9959101    0.032652079    0.026354272   0.0040578004     0.99864082
      1.0000000     -1.9959103    0.032650948    0.026723302   0.0040588017     0.99864068
      1.0000000     -1.9959088    0.032662387    0.026741798   0.0040610565     0.99864006
      1.0000000     -1.9959090    0.032661243    0.025882362   0.0040615780     0.99864000
      1.0000000     -1.9959104    0.032650081    0.024639701   0.0040591180     0.99864064
      1.0000000     -1.9959121    0.032636453    0.023784458   0.0040588602     0.99864097
      1.0000000     -1.9959141    0.032620369    0.023673433   0.0040570392     0.99864161
      1.0000000     -1.9959167    0.032599349    0.024775430   0.0040549126     0.99864241
      1.0000000     -1.9959169    0.032598312    0.024972031   0.0040545038     0.99864250
      1.0000000     -1.9959167    0.032599765    0.024607566   0.0040533170     0.99864267
      1.0000000     -1.9959150    0.032613623    0.024384813   0.0040519757     0.99864260
      1.0000000     -1.9959138    0.032622482    0.023234681   0.0040535892     0.99864215
      1.0000000     -1.9959158    0.032606570    0.023894177   0.0040527233     0.99864262
      1.0000000     -1.9959172    0.032595649    0.023364651   0.0040512399     0.99864310
      1.0000000     -1.9959152    0.032611894    0.023356889   0.0040519183     0.99864265
      1.0000000     -1.9959156    0.032608387    0.024594668   0.0040518276     0.99864274
      1.0000000     -1.9959160    0.032604890    0.025259259   0.0040512751     0.99864290
      1.0000000     -1.9959156    0.032608770    0.024672034   0.0040516454     0.99864276
      1.0000000     -1.9959194    0.032578317    0.025178923   0.0040471083     0.99864415
      1.0000000     -1.9959198    0.032574883    0.026011214   0.0040470255     0.99864424
      1.0000000     -1.9959187    0.032583679    0.025105215   0.0040481651     0.99864387
      1.0000000     -1.9959167    0.032599769    0.024812021   0.0040497580     0.99864326
      1.0000000     -1.9959156    0.032608500    0.025017125   0.0040504320     0.99864297
      1.0000000     -1.9959160    0.032605040    0.023920076   0.0040489731     0.99864328
      1.0000000     -1.9959165    0.032601592    0.022873247   0.0040470622     0.99864367
      1.0000000     -1.9959145    0.032617556    0.022995814   0.0040491030     0.99864300
      1.0000000     -1.9959140    0.032621364    0.023856991   0.0040503818     0.99864271
      1.0000000     -1.9959120    0.032637250    0.022674052   0.0040515024     0.99864219
      1.0000000     -1.9959118    0.032638602    0.022661212   0.0040517156     0.99864212
      1.0000000     -1.9959126    0.032632717    0.021590393   0.0040514767     0.99864228
      1.0000000     -1.9959157    0.032607595    0.021991465   0.0040486795     0.99864328
      1.0000000     -1.9959167    0.032599371    0.022561161   0.0040491992     0.99864336
      1.0000000     -1.9959172    0.032595973    0.022201355   0.0040486640     0.99864352
      1.0000000     -1.9959167    0.032599773    0.022404962   0.0040512809     0.99864301
      1.0000000     -1.9959165    0.032601169    0.022300976   0.0040519421     0.99864287
      1.0000000     -1.9959169    0.032597782    0.021637031   0.0040532010     0.99864273
      1.0000000     -1.9959174    0.032594406    0.020672231   0.0040544561     0.99864259
      1.0000000     -1.9959151    0.032612477    0.020200000   0.0040557026     0.99864200
      1.0000000     -1.9959155    0.032609089    0.019239104   0.0040556094     0.99864209
      1.0000000     -1.9959183    0.032586713    0.020345604   0.0040534381     0.99864292
      1.0000000     -1.9959190    0.032581002    0.020755283   0.0040549830     0.99864278
      1.0000000     -1.9959189    0.032582412    0.021374294   0.0040556318     0.99864264
      1.0000000     -1.9959243    0.032538897    0.020876409   0.0040508092     0.99864436
      1.0000000     -1.9959203    0.032571054    0.021857333   0.0040533778     0.99864326
      1.0000000     -1.9959145    0.032617258    0.021689941   0.0040603653     0.99864112
      1.0000000     -1.9959146    0.032616252    0.021240325   0.0040590861     0.99864136
      1.0000000     -1.9959112    0.032643452    0.020803245   0.0040613377     0.99864041
      1.0000000     -1.9959113    0.032642410    0.021460898   0.0040605018     0.99864057
      1.0000000     -1.9959138    0.032622624    0.022267426   0.0040580580     0.99864140
      1.0000000     -1.9959178    0.032591198    0.022686931   0.0040548911     0.99864258
      1.0000000     -1.9959155    0.032608929    0.022587023   0.0040569913     0.99864186
      1.0000000     -1.9959183    0.032586946    0.022786969   0.0040535409     0.99864290
      1.0000000     -1.9959190    0.032581335    0.022463012   0.0040519939     0.99864327
      1.0000000     -1.9959182    0.032587372    0.023065766   0.0040538004     0.99864285
      1.0000000     -1.9959058    0.032686304    0.023380539   0.0040670757     0.99863856
      1.0000000     -1.9959077    0.032671295    0.023435444   0.0040640649     0.99863937
      1.0000000     -1.9959087    0.032663278    0.023100291   0.0040632377     0.99863968
      1.0000000     -1.9959089    0.032662223    0.023240131   0.0040615419     0.99863999
      1.0000000     -1.9959093    0.032658861    0.022199058   0.0040623110     0.99863993
      1.0000000     -1.9959094    0.032657815    0.022794067   0.0040614882     0.99864009
      1.0000000     -1.9959095    0.032656772    0.023764090   0.0040632643     0.99863981
      1.0000000     -1.9959102    0.032651133    0.022571140   0.0040612913     0.99864026
      1.0000000     -1.9959121    0.032636326    0.021368300   0.0040583192     0.99864107
      1.0000000     -1.9959140    0.032621562    0.020858993   0.0040562175     0.99864173
      1.0000000     -1.9959144    0.032618288    0.019394612   0.0040574178     0.99864159
      1.0000000     -1.9959116    0.032640171    0.019493615   0.0040584657     0.99864096
      1.0000000     -1.9959129    0.032630030    0.018173066   0.0040570868     0.99864140
      1.0000000     -1.9959124    0.032633597    0.017528827   0.0040574223     0.99864127
      1.0000000     -1.9959097    0.032655364    0.018235714   0.0040597491     0.99864043
      1.0000000     -1.9959127    0.032631607    0.017489872   0.0040562414     0.99864151
      1.0000000     -1.9959145    0.032616996    0.018717236   0.0040541636     0.99864217
      1.0000000     -1.9959164    0.032602428    0.018182859   0.0040516657     0.99864289
      1.0000000     -1.9959159    0.032606008    0.018480398   0.0040520066     0.99864276
      1.0000000     -1.9959194    0.032577935    0.017376809   0.0040486723     0.99864390
      1.0000000     -1.9959218    0.032558969    0.017325779   0.0040459111     0.99864476
      1.0000000     -1.9959248    0.032535550    0.016314851   0.0040432998     0.99864569
      1.0000000     -1.9959260    0.032525700    0.016598799   0.0040411158     0.99864626
      1.0000000     -1.9959283    0.032506888    0.016039986   0.0040387993     0.99864704
      1.0000000     -1.9959282    0.032508329    0.015255000   0.0040373282     0.99864725
      1.0000000     -1.9959269    0.032518730    0.015101828   0.0040385267     0.99864684
      1.0000000     -1.9959289    0.032502245    0.014658427   0.0040351014     0.99864775
      1.0000000     -1.9959293    0.032499216    0.015028962   0.0040354627     0.99864776
      1.0000000     -1.9959322    0.032476109    0.014253922   0.0040333111     0.99864860
      1.0000000     -1.9959343    0.032459753    0.013264266   0.0040320016     0.99864916
      1.0000000     -1.9959324    0.032474601    0.013031425   0.0040318041     0.99864888
      1.0000000     -1.9959275    0.032513853    0.012674338   0.0040364742     0.99864728
      1.0000000     -1.9959262    0.032524145    0.011359331   0.0040355768     0.99864721
      1.0000000     -1.9959249    0.032534409    0.011006676   0.0040363479     0.99864687
      1.0000000     -1.9959267    0.032520298    0.010177847   0.0040339337     0.99864757
      1.0000000     -1.9959262    0.032523908   0.0093260055   0.0040347065     0.99864736
      1.0000000     -1.9959266    0.032520887   0.0096418283   0.0040334048     0.99864765
      1.0000000     -1.9959286    0.032504650    0.010247372   0.0040321097     0.99864820
      1.0000000     -1.9959268    0.032519271    0.010749931   0.0040331550     0.99864772
      1.0000000     -1.9959305    0.032489894    0.011694069   0.0040285624     0.99864910
      1.0000000     -1.9959328    0.032471572    0.011065427   0.0040271423     0.99864972
      1.0000000     -1.9959318    0.032479603    0.011129849   0.0040273678     0.99864952
      1.0000000     -1.9959335    0.032465723    0.010647802   0.0040262265     0.99865000
      1.0000000     -1.9959358    0.032447509    0.011392318   0.0040239939     0.99865075
      1.0000000     -1.9959345    0.032457723    0.010429726   0.0040239488     0.99865055
      1.0000000     -1.9959384    0.032426491   0.0090479480   0.0040196801     0.99865192
      1.0000000     -1.9959383    0.032427998   0.0090082650   0.0040190975     0.99865198
      1.0000000     -1.9959389    0.032422979   0.0093185539   0.0040181095     0.99865225
      1.0000000     -1.9959409    0.032407118    0.010173365   0.0040160386     0.99865293
      1.0000000     -1.9959418    0.032399973    0.010845850   0.0040145147     0.99865333
      1.0000000     -1.9959429    0.032390683    0.011583899   0.0040148941     0.99865346
      1.0000000     -1.9959376    0.032433309    0.010701425   0.0040221683     0.99865136
      1.0000000     -1.9959363    0.032443431    0.010141396   0.0040237493     0.99865088
      1.0000000     -1.9959369    0.032438432    0.010461637   0.0040239787     0.99865095
      1.0000000     -1.9959384    0.032426986    0.010501486   0.0040205668     0.99865176
      1.0000000     -1.9959387    0.032424173    0.011395884   0.0040193175     0.99865202
      1.0000000     -1.9959369    0.032438548    0.011683558   0.0040215655     0.99865135
      1.0000000     -1.9959370    0.032437872    0.010815209   0.0040204521     0.99865155
      1.0000000     -1.9959392    0.032420063    0.010540121   0.0040170648     0.99865249
      1.0000000     -1.9959393    0.032419413    0.010792752   0.0040195781     0.99865208
      1.0000000     -1.9959397    0.032416629    0.011666019   0.0040199442     0.99865208
      1.0000000     -1.9959390    0.032422385    0.010627778   0.0040204411     0.99865187
      1.0000000     -1.9959388    0.032423865   0.0094370321   0.0040202703     0.99865187
      1.0000000     -1.9959394    0.032418959    0.010168091   0.0040213009     0.99865180
      1.0000000     -1.9959419    0.032399193    0.010778067   0.0040190047     0.99865260
      1.0000000     -1.9959403    0.032411307    0.010659321   0.0040187012     0.99865240
      1.0000000     -1.9959383    0.032427627    0.010225931   0.0040206542     0.99865173
      1.0000000     -1.9959363    0.032443904    0.010421448   0.0040210112     0.99865133
      1.0000000     -1.9959329    0.032470705    0.010607825   0.0040240126     0.99865027
      1.0000000     -1.9959303    0.032491102    0.010238411   0.0040266108     0.99864940
      1.0000000     -1.9959265    0.032521985    0.010052315   0.0040322367     0.99864782
      1.0000000     -1.9959260    0.032525421   0.0095634082   0.0040333705     0.99864756
      1.0000000     -1.9959261    0.032524643   0.0099424142   0.0040318685     0.99864782
      1.0000000     -1.9959294    0.032498674   0.0097820158   0.0040291926     0.99864881
      1.0000000     -1.9959284    0.032506321   0.0096957895   0.0040321638     0.99864816
      1.0000000     -1.9959238    0.032543262    0.010169908   0.0040365634     0.99864665
      1.0000000     -1.9959255    0.032529918    0.011467192   0.0040346750     0.99864724
      1.0000000     -1.9959248    0.032535405    0.011466055   0.0040351421     0.99864705
      1.0000000     -1.9959254    0.032530449    0.010143914   0.0040341731     0.99864732
      1.0000000     -1.9959263    0.032523423   0.0099406536   0.0040326853     0.99864771
      1.0000000     -1.9959295    0.032497693   0.0088889034   0.0040300327     0.99864869
      1.0000000     -1.9959322    0.032476185   0.0095356584   0.0040272560     0.99864961
      1.0000000     -1.9959344    0.032458883   0.0087858724   0.0040243555     0.99865046
      1.0000000     -1.9959360    0.032445770   0.0088597529   0.0040232790     0.99865091
      1.0000000     -1.9959364    0.032443038   0.0092601948   0.0040216844     0.99865123
      1.0000000     -1.9959393    0.032419646   0.0086339818   0.0040184154     0.99865227
      1.0000000     -1.9959433    0.032388058   0.0074908031   0.0040142517     0.99865363
      1.0000000     -1.9959408    0.032408087   0.0075374515   0.0040179643     0.99865259
      1.0000000     -1.9959393    0.032419830   0.0075056848   0.0040219271     0.99865168
      1.0000000     -1.9959417    0.032400701   0.0073608387   0.0040197042     0.99865245
      1.0000000     -1.9959399    0.032414476   0.0069150129   0.0040222391     0.99865174
      1.0000000     -1.9959390    0.032422064   0.0072447876   0.0040236126     0.99865135
      1.0000000     -1.9959401    0.032413246   0.0077413239   0.0040239599     0.99865148
      1.0000000     -1.9959412    0.032404451   0.0076738768   0.0040216153     0.99865205
      1.0000000     -1.9959431    0.032389550   0.0073357051   0.0040200460     0.99865263
      1.0000000     -1.9959401    0.032413453   0.0063508963   0.0040243513     0.99865141
      1.0000000     -1.9959396    0.032416918   0.0074039003   0.0040250761     0.99865121
      1.0000000     -1.9959374    0.032434620   0.0077855045   0.0040263057     0.99865064
      1.0000000     -1.9959380    0.032429919   0.0086128189   0.0040265186     0.99865070
      1.0000000     -1.9959406    0.032408991   0.0080141401   0.0040245729     0.99865146
      1.0000000     -1.9959440    0.032382033   0.0074664758   0.0040211096     0.99865261
      1.0000000     -1.9959438    0.032383491   0.0075829733   0.0040217075     0.99865248
      1.0000000     -1.9959404    0.032411235   0.0076282360   0.0040243247     0.99865146
      1.0000000     -1.9959392    0.032420730   0.0078060203   0.0040258008     0.99865101
      1.0000000     -1.9959395    0.032418100   0.0069490506   0.0040257596     0.99865108
      1.0000000     -1.9959378    0.032431592   0.0066716182   0.0040274816     0.99865051
      1.0000000     -1.9959394    0.032418894   0.0070625631   0.0040279448     0.99865069
      1.0000000     -1.9959438    0.032384125   0.0065617907   0.0040232508     0.99865221
      1.0000000     -1.9959428    0.032391588   0.0064945844   0.0040242165     0.99865189
      1.0000000     -1.9959419    0.032399033   0.0065620126   0.0040259332     0.99865145
      1.0000000     -1.9959427    0.032392445   0.0054788317   0.0040237612     0.99865195
      1.0000000     -1.9959438    0.032383875   0.0052895859   0.0040225970     0.99865232
      1.0000000     -1.9959449    0.032375326   0.0047874687   0.0040218111     0.99865263
      1.0000000     -1.9959444    0.032378765   0.0040632666   0.0040221488     0.99865250
      1.0000000     -1.9959457    0.032368252   0.0029013750   0.0040212410     0.99865287
      1.0000000     -1.9959448    0.032375670   0.0036280275   0.0040210792     0.99865275
      1.0000000     -1.9959446    0.032377109   0.0035655237   0.0040220393     0.99865256
      1.0000000     -1.9959445    0.032378544   0.0030064757   0.0040226241     0.99865243
      1.0000000     -1.9959450    0.032374030   0.0030470149   0.0040220914     0.99865261
      1.0000000     -1.9959448    0.032375465   0.0025168944   0.0040223027     0.99865255
      1.0000000     -1.9959424    0.032394690   0.0032660050   0.0040247387     0.99865174
      1.0000000     -1.9959413    0.032403995   0.0031559480   0.0040272945     0.99865112
      1.0000000     -1.9959416    0.032401444   0.0027293936   0.0040279936     0.99865105
      1.0000000     -1.9959399    0.032414657   0.0035843634   0.0040304149     0.99865037
      1.0000000     -1.9959410    0.032406196   0.0025846914   0.0040292612     0.99865074
      1.0000000     -1.9959423    0.032395792   0.0026239827   0.0040276185     0.99865123
      1.0000000     -1.9959414    0.032403076   0.0028104680   0.0040281886     0.99865099
      1.0000000     -1.9959387    0.032424062   0.0029340098   0.0040336654     0.99864963
      1.0000000     -1.9959405    0.032409759   0.0022393120   0.0040325148     0.99865012
      1.0000000     -1.9959426    0.032393536   0.0025900613   0.0040297751     0.99865092
      1.0000000     -1.9959426    0.032392975   0.0025978554   0.0040283843     0.99865116
      1.0000000     -1.9959425    0.032394366   0.0020427173   0.0040282183     0.99865116
      1.0000000     -1.9959428    0.032391858   0.0012603912   0.0040267112     0.99865147
      1.0000000     -1.9959441    0.032381573   0.0012340659   0.0040269158     0.99865165
      1.0000000     -1.9959466    0.032361596   0.0018411585   0.0040243223     0.99865250
      1.0000000     -1.9959481    0.032349432  0.00062241169   0.0040222198     0.99865311
      1.0000000     -1.9959489    0.032343114  0.00096027981   0.0040230354     0.99865310
      1.0000000     -1.9959478    0.032352300  0.00061907655   0.0040248160     0.99865261
      1.0000000     -1.9959500    0.032334390 -0.00018998786   0.0040219949     0.99865346
      1.0000000     -1.9959530    0.032310729  0.00039084848   0.0040195449     0.99865436
      1.0000000     -1.9959545    0.032298700  0.00028347458   0.0040192736     0.99865466
      1.0000000     -1.9959538    0.032304042  5.6106409E-05   0.0040186369     0.99865466
      1.0000000     -1.9959568    0.032280503  0.00031775362   0.0040161998     0.99865556
      1.0000000     -1.9959573    0.032276243 -0.00051676719   0.0040164134     0.99865561
      1.0000000     -1.9959520    0.032318071 -0.00014078313   0.0040234712     0.99865355
      1.0000000     -1.9959487    0.032344457 -0.00046756919   0.0040248698     0.99865277
      1.0000000     -1.9959474    0.032355458 -0.00074044471   0.0040260286     0.99865234
      1.0000000     -1.9959467    0.032360694 -8.7094838E-05   0.0040271858     0.99865204
      1.0000000     -1.9959484    0.032346810 -0.00059130695   0.0040249933     0.99865270
      1.0000000     -1.9959478    0.032352043  -0.0013997605   0.0040257904     0.99865246
      1.0000000     -1.9959459    0.032366794  -0.0012574761   0.0040268222     0.99865197
      1.0000000     -1.9959448    0.032375799  -0.0010440860   0.0040292840     0.99865137
      1.0000000     -1.9959461    0.032365766 -0.00089278043   0.0040284089     0.99865173
      1.0000000     -1.9959426    0.032393743  -0.0011482122   0.0040338330     0.99865024
      1.0000000     -1.9959393    0.032419757  -0.0012506548   0.0040359172     0.99864935
      1.0000000     -1.9959405    0.032409708 -0.00062348395   0.0040339691     0.99864988
      1.0000000     -1.9959404    0.032411038 -0.00019198337   0.0040341570     0.99864982
      1.0000000     -1.9959378    0.032431267 -0.00039863582   0.0040376557     0.99864881
      1.0000000     -1.9959355    0.032449561 -0.00093975118   0.0040413830     0.99864781
      1.0000000     -1.9959370    0.032437638  -0.0012571006   0.0040396743     0.99864834
      1.0000000     -1.9959385    0.032425744  -0.0012132979   0.0040372618     0.99864900
      1.0000000     -1.9959384    0.032427047  -0.0011900826   0.0040377982     0.99864888
      1.0000000     -1.9959363    0.032443380  -0.0014022995   0.0040399780     0.99864817
      1.0000000     -1.9959340    0.032461552  -0.0015917550   0.0040433279     0.99864723
      1.0000000     -1.9959362    0.032444061  -0.0026028824   0.0040405714     0.99864806
      1.0000000     -1.9959340    0.032462189  -0.0032925969   0.0040418014     0.99864747
      1.0000000     -1.9959352    0.032452220  -0.0026176056   0.0040405745     0.99864789
      1.0000000     -1.9959358    0.032447878  -0.0018417351   0.0040393492     0.99864818
      1.0000000     -1.9959356    0.032449145  -0.0022718384   0.0040384762     0.99864830
      1.0000000     -1.9959329    0.032470910  -0.0017204094   0.0040409863     0.99864743
      1.0000000     -1.9959339    0.032462839  -0.0013793808   0.0040409318     0.99864761
      1.0000000     -1.9959342    0.032460364 -0.00068226371   0.0040405267     0.99864772
      1.0000000     -1.9959331    0.032469039 -0.00024627040   0.0040425632     0.99864720
      1.0000000     -1.9959318    0.032479549 -8.9988359E-05   0.0040436649     0.99864680
      1.0000000     -1.9959291    0.032501152  0.00057906977   0.0040468508     0.99864581
      1.0000000     -1.9959324    0.032474585   0.0015266551   0.0040432000     0.99864698
      1.0000000     -1.9959325    0.032473960   0.0013809745   0.0040432574     0.99864698
      1.0000000     -1.9959330    0.032469644   0.0013376593   0.0040420432     0.99864728
      1.0000000     -1.9959336    0.032465338   0.0013260417   0.0040408319     0.99864757
      1.0000000     -1.9959297    0.032496043   0.0016410983   0.0040431927     0.99864653
      1.0000000     -1.9959293    0.032499077   0.0027918591   0.0040452086     0.99864613
      1.0000000     -1.9959308    0.032487400   0.0034146482   0.0040438843     0.99864660
      1.0000000     -1.9959316    0.032481257   0.0029758641   0.0040439418     0.99864672
      1.0000000     -1.9959293    0.032498966   0.0028634062   0.0040451424     0.99864614
      1.0000000     -1.9959285    0.032505646   0.0036725862   0.0040456544     0.99864592
      1.0000000     -1.9959288    0.032503162   0.0031450631   0.0040455942     0.99864598
      1.0000000     -1.9959298    0.032495202   0.0037489679   0.0040445052     0.99864633
      1.0000000     -1.9959329    0.032470833   0.0044278351   0.0040410212     0.99864742
      1.0000000     -1.9959341    0.032461105   0.0039946796   0.0040401687     0.99864777
      1.0000000     -1.9959369    0.032438651   0.0041636571   0.0040368113     0.99864880
      1.0000000     -1.9959356    0.032448992   0.0047416667   0.0040378982     0.99864840
      1.0000000     -1.9959361    0.032444773   0.0042394527   0.0040360266     0.99864880
      1.0000000     -1.9959378    0.032431489   0.0040914579   0.0040346161     0.99864932
      1.0000000     -1.9959390    0.032421861   0.0042407281   0.0040327537     0.99864983
      1.0000000     -1.9959420    0.032397768   0.0043167045   0.0040293107     0.99865091
      1.0000000     -1.9959396    0.032417140   0.0041145857   0.0040323241     0.99865000
      1.0000000     -1.9959413    0.032403948   0.0040806122   0.0040299056     0.99865068
      1.0000000     -1.9959407    0.032408832   0.0044477916   0.0040303146     0.99865051
      1.0000000     -1.9959414    0.032402889   0.0039447964   0.0040300476     0.99865068
      1.0000000     -1.9959444    0.032378954   0.0031448588   0.0040266272     0.99865175
      1.0000000     -1.9959436    0.032385649   0.0027464447   0.0040278268     0.99865141
      1.0000000     -1.9959468    0.032359990   0.0022072153   0.0040243045     0.99865254
      1.0000000     -1.9959480    0.032350541   0.0028070383   0.0040234842     0.99865287
      1.0000000     -1.9959483    0.032348282   0.0030670979   0.0040234502     0.99865292
      1.0000000     -1.9959474    0.032354980   0.0030707303   0.0040249845     0.99865253
      1.0000000     -1.9959461    0.032365241   0.0033783951   0.0040267385     0.99865202
      1.0000000     -1.9959475    0.032354041   0.0034068386   0.0040254720     0.99865247
      1.0000000     -1.9959471    0.032357142   0.0028396976   0.0040257701     0.99865235
      1.0000000     -1.9959483    0.032347758   0.0029270694   0.0040236139     0.99865291
      1.0000000     -1.9959506    0.032329494   0.0040401676   0.0040219106     0.99865358
      1.0000000     -1.9959507    0.032329055   0.0047451451   0.0040216554     0.99865363
      1.0000000     -1.9959525    0.032314404   0.0044056299   0.0040198460     0.99865424
      1.0000000     -1.9959512    0.032324630   0.0042303452   0.0040215921     0.99865373
      1.0000000     -1.9959504    0.032331288   0.0040223582   0.0040221138     0.99865350
      1.0000000     -1.9959507    0.032329078   0.0039043889   0.0040217489     0.99865361
      1.0000000     -1.9959512    0.032325105   0.0043404550   0.0040219393     0.99865366
      1.0000000     -1.9959508    0.032328207   0.0047164634   0.0040225703     0.99865349
      1.0000000     -1.9959471    0.032357772   0.0045349945   0.0040255153     0.99865238
      1.0000000     -1.9959469    0.032359068   0.0040396018   0.0040263622     0.99865221
      1.0000000     -1.9959478    0.032351558   0.0033606077   0.0040253341     0.99865254
      1.0000000     -1.9959468    0.032359893   0.0030657837   0.0040262879     0.99865221
      1.0000000     -1.9959480    0.032350641   0.0025874311   0.0040251525     0.99865259
      1.0000000     -1.9959456    0.032369489   0.0028208150   0.0040270914     0.99865187
      1.0000000     -1.9959454    0.032370766   0.0033726623   0.0040262847     0.99865198
      1.0000000     -1.9959464    0.032363283   0.0032464286   0.0040249333     0.99865236
      1.0000000     -1.9959456    0.032369811   0.0028295280   0.0040241295     0.99865236
      1.0000000     -1.9959445    0.032378072   0.0021211623   0.0040254067     0.99865197
      1.0000000     -1.9959437    0.032384569   0.0023309967   0.0040269002     0.99865159
      1.0000000     -1.9959435    0.032385822   0.0019903173   0.0040260981     0.99865170
      1.0000000     -1.9959434    0.032387072   0.0015486339   0.0040279160     0.99865137
      1.0000000     -1.9959419    0.032398757   0.0019886463   0.0040300545     0.99865076
      1.0000000     -1.9959424    0.032394777   0.0021850600   0.0040289262     0.99865104
      1.0000000     -1.9959447    0.032376918   0.0021867102   0.0040262812     0.99865185
      1.0000000     -1.9959436    0.032385109   0.0020526115   0.0040278722     0.99865141
      1.0000000     -1.9959415    0.032401941   0.0021828261   0.0040290237     0.99865087
      1.0000000     -1.9959438    0.032384133   0.0011106949   0.0040273627     0.99865152
      1.0000000     -1.9959449    0.032375006  0.00071843818   0.0040265694     0.99865184
      1.0000000     -1.9959467    0.032360718  0.00069198267   0.0040248056     0.99865244
      1.0000000     -1.9959468    0.032360259  0.00058084416   0.0040239069     0.99865260
      1.0000000     -1.9959477    0.032352909  0.00054216216   0.0040232274     0.99865286
      1.0000000     -1.9959479    0.032350738  0.00091414687   0.0040219015     0.99865313
      1.0000000     -1.9959484    0.032346853  0.00086251348   0.0040217632     0.99865324
      1.0000000     -1.9959472    0.032356713  0.00098335129   0.0040234509     0.99865275
      1.0000000     -1.9959466    0.032361406   0.0017055974   0.0040228796     0.99865274
      1.0000000     -1.9959449    0.032374656   0.0019435484   0.0040241322     0.99865226
      1.0000000     -1.9959426    0.032393013   0.0015397422   0.0040260243     0.99865156
      1.0000000     -1.9959414    0.032402781   0.0016471567   0.0040273788     0.99865113
      1.0000000     -1.9959408    0.032407405   0.0015060557   0.0040284106     0.99865086
      1.0000000     -1.9959418    0.032400076   0.0012973233   0.0040267710     0.99865128
      1.0000000     -1.9959433    0.032387649   0.0013575936   0.0040251360     0.99865182
      1.0000000     -1.9959447    0.032376952   0.0014661325   0.0040232909     0.99865235
      1.0000000     -1.9959469    0.032359475   0.0022069370   0.0040219839     0.99865293
      1.0000000     -1.9959482    0.032348830   0.0019379531   0.0040198268     0.99865352
      1.0000000     -1.9959478    0.032351785   0.0020373802   0.0040191596     0.99865357
      1.0000000     -1.9959468    0.032359818   0.0021817021   0.0040204040     0.99865319
      1.0000000     -1.9959475    0.032354288   0.0024748672   0.0040192090     0.99865351
      1.0000000     -1.9959505    0.032330161   0.0033629512   0.0040159015     0.99865456
      1.0000000     -1.9959512    0.032324673   0.0037056204   0.0040156665     0.99865472
      1.0000000     -1.9959528    0.032312445   0.0045858051   0.0040131072     0.99865540
      1.0000000     -1.9959532    0.032308674   0.0039497354   0.0040120303     0.99865566
      1.0000000     -1.9959493    0.032340286   0.0038017442   0.0040175953     0.99865407
      1.0000000     -1.9959491    0.032341541   0.0042628828   0.0040184121     0.99865391
      1.0000000     -1.9959483    0.032347837   0.0050545359   0.0040189102     0.99865369
      1.0000000     -1.9959488    0.032344045   0.0056316649   0.0040187783     0.99865379
      1.0000000     -1.9959474    0.032355357   0.0059075263   0.0040214803     0.99865311
      1.0000000     -1.9959470    0.032358268   0.0062655100   0.0040230240     0.99865279
      1.0000000     -1.9959475    0.032354476   0.0064101891   0.0040225737     0.99865294
      1.0000000     -1.9959461    0.032365742   0.0071948583   0.0040240063     0.99865247
      1.0000000     -1.9959461    0.032365292   0.0076151992   0.0040237644     0.99865252
      1.0000000     -1.9959472    0.032356499   0.0075030890   0.0040217480     0.99865304
      1.0000000     -1.9959494    0.032339391   0.0072108787   0.0040201553     0.99865366
      1.0000000     -1.9959492    0.032340634   0.0076714734   0.0040197093     0.99865371
      1.0000000     -1.9959455    0.032370153   0.0069118998   0.0040238424     0.99865240
      1.0000000     -1.9959458    0.032368038   0.0070809176   0.0040238105     0.99865245
      1.0000000     -1.9959435    0.032385847   0.0063777604   0.0040247100     0.99865193
      1.0000000     -1.9959463    0.032363823   0.0074112383   0.0040218772     0.99865286
      1.0000000     -1.9959468    0.032360065   0.0070255717   0.0040226779     0.99865281
      1.0000000     -1.9959468    0.032359625   0.0074998962   0.0040218177     0.99865296
      1.0000000     -1.9959456    0.032369104   0.0075078320   0.0040225103     0.99865265
      1.0000000     -1.9959476    0.032353793   0.0064761658   0.0040207245     0.99865326
      1.0000000     -1.9959501    0.032333565   0.0057773810   0.0040183235     0.99865409
      1.0000000     -1.9959522    0.032316675   0.0049143226   0.0040158234     0.99865486
      1.0000000     -1.9959550    0.032294881   0.0038768595   0.0040130203     0.99865579
      1.0000000     -1.9959569    0.032279710   0.0033104231   0.0040109425     0.99865645
      1.0000000     -1.9959544    0.032299070   0.0032163918   0.0040144184     0.99865546
      1.0000000     -1.9959541    0.032301978   0.0038425850   0.0040147039     0.99865536
      1.0000000     -1.9959535    0.032306520   0.0042670267   0.0040144749     0.99865530
      1.0000000     -1.9959535    0.032306139   0.0033732785   0.0040145553     0.99865529
      1.0000000     -1.9959524    0.032315575   0.0029247947   0.0040146334     0.99865508
      1.0000000     -1.9959547    0.032297208   0.0033601538   0.0040123627     0.99865585
      1.0000000     -1.9959549    0.032295205   0.0042617316   0.0040111159     0.99865610
      1.0000000     -1.9959558    0.032288313   0.0043025589   0.0040107922     0.99865629
      1.0000000     -1.9959560    0.032286324   0.0044745399   0.0040113866     0.99865624
      1.0000000     -1.9959555    0.032290849   0.0041360061   0.0040120804     0.99865603
      1.0000000     -1.9959578    0.032272600   0.0039974490   0.0040095183     0.99865684
      1.0000000     -1.9959580    0.032270633   0.0030059123   0.0040101123     0.99865678
      1.0000000     -1.9959572    0.032276783   0.0028722505   0.0040112114     0.99865647
      1.0000000     -1.9959556    0.032289405   0.0029274161   0.0040130177     0.99865590
      1.0000000     -1.9959561    0.032285807   0.0032747459   0.0040132009     0.99865595
      1.0000000     -1.9959574    0.032275745   0.0033482234   0.0040114597     0.99865645
      1.0000000     -1.9959588    0.032264087   0.0031993915   0.0040096211     0.99865700
      1.0000000     -1.9959587    0.032265369   0.0034825735   0.0040091992     0.99865704
      1.0000000     -1.9959571    0.032277939   0.0032775810   0.0040106953     0.99865653
      1.0000000     -1.9959561    0.032285650   0.0034249747   0.0040109783     0.99865632
      1.0000000     -1.9959554    0.032291735   0.0040420707   0.0040132776     0.99865581
      1.0000000     -1.9959534    0.032307456   0.0033549950   0.0040155702     0.99865510
      1.0000000     -1.9959530    0.032310294   0.0037809980   0.0040164522     0.99865489
      1.0000000     -1.9959527    0.032313127   0.0042308661   0.0040170309     0.99865473
      1.0000000     -1.9959531    0.032309541   0.0049798793   0.0040169069     0.99865483
      1.0000000     -1.9959540    0.032302760   0.0052236181   0.0040162823     0.99865508
      1.0000000     -1.9959532    0.032308791   0.0057444779   0.0040170591     0.99865482
      1.0000000     -1.9959549    0.032295631   0.0063376128   0.0040154358     0.99865537
      1.0000000     -1.9959551    0.032293674   0.0058029058   0.0040148135     0.99865551
      1.0000000     -1.9959538    0.032304482   0.0061510511   0.0040149889     0.99865526
      1.0000000     -1.9959540    0.032302520   0.0059194000   0.0040155661     0.99865520
