T     E/N       E-var/TT       M/N       M-var/T       Mabs/N       
      1.0000000     -1.9959047    0.032695386    -0.15217796   0.0053883475     0.99841772
      1.0000000     -1.9968354    0.025276398    -0.17204952   0.0032530494     0.99892964
      1.0000000     -1.9973939    0.020821679    -0.44790891   0.0024171485     0.99916232
      1.0000000     -1.9971147    0.023049350    -0.58544304   0.0029745862     0.99902271
      1.0000000     -1.9964259    0.028541606    -0.64618392   0.0036799219     0.99879002
      1.0000000     -1.9961529    0.030717667    -0.58693224   0.0039644169     0.99869695
      1.0000000     -1.9955324    0.035661040    -0.49097171   0.0043791179     0.99852409
      1.0000000     -1.9954859    0.036031669    -0.39533693   0.0044122013     0.99851080
      1.0000000     -1.9954910    0.035990489    -0.37190783   0.0044173722     0.99851080
      1.0000000     -1.9955324    0.035661040    -0.34865041   0.0044030043     0.99852010
      1.0000000     -1.9955324    0.035661040    -0.37085392   0.0044080711     0.99851926
      1.0000000     -1.9956255    0.034919731    -0.36421879   0.0042731343     0.99855733
      1.0000000     -1.9955897    0.035204858    -0.29880005   0.0042587737     0.99855375
      1.0000000     -1.9954260    0.036508167    -0.22405196   0.0043921773     0.99850415
      1.0000000     -1.9955820    0.035265684    -0.14818193   0.0041739611     0.99856664
      1.0000000     -1.9956953    0.034363703    -0.19798841   0.0040294051     0.99860969
      1.0000000     -1.9954886    0.036009868    -0.16016600   0.0043493687     0.99852175
      1.0000000     -1.9953669    0.036978753    -0.15809858   0.0043861613     0.99849528
      1.0000000     -1.9954344    0.036441292    -0.18044833   0.0044194323     0.99850100
      1.0000000     -1.9953649    0.036995223    -0.19350335   0.0045141350     0.99847357
      1.0000000     -1.9952665    0.037778686    -0.21284526   0.0046439690     0.99843545
      1.0000000     -1.9953970    0.036739185    -0.22657466   0.0045006895     0.99848118
      1.0000000     -1.9955000    0.035918871    -0.23764123   0.0043779001     0.99851889
      1.0000000     -1.9955634    0.035413945    -0.25805488   0.0043272029     0.99853794
      1.0000000     -1.9955622    0.035423829    -0.25987342   0.0043101699     0.99854058
      1.0000000     -1.9954894    0.036003160    -0.21412309   0.0043729084     0.99851796
      1.0000000     -1.9954083    0.036649346    -0.19839842   0.0044378490     0.99849356
      1.0000000     -1.9954526    0.036296394    -0.16897471   0.0043590550     0.99851412
      1.0000000     -1.9952885    0.037603454    -0.17108506   0.0045607410     0.99845303
      1.0000000     -1.9953090    0.037439901    -0.19749317   0.0045325978     0.99846116
      1.0000000     -1.9954003    0.036713103    -0.20183809   0.0044884383     0.99848377
      1.0000000     -1.9954044    0.036680228    -0.22593715   0.0044875103     0.99848462
      1.0000000     -1.9954421    0.036379820    -0.23970250   0.0044867068     0.99849105
      1.0000000     -1.9954557    0.036271479    -0.21337491   0.0044968342     0.99849163
      1.0000000     -1.9954154    0.036592874    -0.21457558   0.0044850444     0.99848686
      1.0000000     -1.9954600    0.036237567    -0.23019049   0.0044482736     0.99850046
      1.0000000     -1.9955223    0.035741178    -0.19696223   0.0043884231     0.99852086
      1.0000000     -1.9953658    0.036987422    -0.20484628   0.0045415137     0.99846916
      1.0000000     -1.9953892    0.036801382    -0.17893589   0.0045013232     0.99847977
      1.0000000     -1.9952252    0.038106871    -0.18680194   0.0046253067     0.99843168
      1.0000000     -1.9952418    0.037974927    -0.16490429   0.0046167329     0.99843588
      1.0000000     -1.9953019    0.037496366    -0.14230534   0.0045600061     0.99845539
      1.0000000     -1.9953333    0.037246866    -0.15627327   0.0045058621     0.99846967
      1.0000000     -1.9953970    0.036739185    -0.15191566   0.0044753567     0.99848541
      1.0000000     -1.9953421    0.037176391    -0.15049433   0.0045533067     0.99846322
      1.0000000     -1.9953705    0.036950110    -0.14107975   0.0045028386     0.99847640
      1.0000000     -1.9953819    0.036859607    -0.14952631   0.0045216795     0.99847515
      1.0000000     -1.9954393    0.036402281    -0.12660749   0.0044701642     0.99849335
      1.0000000     -1.9954716    0.036145124    -0.14344599   0.0044434522     0.99850320
      1.0000000     -1.9954505    0.036313336    -0.14064966   0.0044325666     0.99850149
      1.0000000     -1.9955251    0.035719179    -0.12570993   0.0043640118     0.99852540
      1.0000000     -1.9955682    0.035375930    -0.11830395   0.0043337624     0.99853765
      1.0000000     -1.9955535    0.035493203    -0.11425947   0.0043641362     0.99853011
      1.0000000     -1.9955048    0.035880674    -0.12115289   0.0043898763     0.99851769
      1.0000000     -1.9954985    0.035930590    -0.13707439   0.0043843592     0.99851757
      1.0000000     -1.9955058    0.035872831    -0.14006156   0.0043923357     0.99851744
      1.0000000     -1.9955193    0.035765078    -0.13272361   0.0043967858     0.99851896
      1.0000000     -1.9955067    0.035865528    -0.12735256   0.0043946254     0.99851722
      1.0000000     -1.9955261    0.035711296    -0.10827328   0.0044335357     0.99851395
      1.0000000     -1.9955572    0.035463365    -0.10777798   0.0044092460     0.99852321
      1.0000000     -1.9955446    0.035563823    -0.11989002   0.0043978508     0.99852300
      1.0000000     -1.9955864    0.035230611    -0.13132161   0.0043599603     0.99853632
      1.0000000     -1.9955442    0.035566910    -0.13548943   0.0043909370     0.99852409
      1.0000000     -1.9955789    0.035290394    -0.14627641   0.0043485212     0.99853697
      1.0000000     -1.9956126    0.035022378    -0.13142362   0.0043245592     0.99854659
      1.0000000     -1.9956565    0.034672612    -0.12541743   0.0042788240     0.99856157
      1.0000000     -1.9956435    0.034775887    -0.12036430   0.0042703960     0.99856081
      1.0000000     -1.9955762    0.035312197    -0.12394332   0.0043713977     0.99853270
      1.0000000     -1.9955971    0.035145354    -0.11042901   0.0043538577     0.99853912
      1.0000000     -1.9955271    0.035703399    -0.10510983   0.0044613824     0.99850947
      1.0000000     -1.9955219    0.035744564    -0.10174038   0.0044953507     0.99850293
      1.0000000     -1.9955272    0.035702222    -0.11205350   0.0044767906     0.99850692
      1.0000000     -1.9955324    0.035661040    -0.11218750   0.0044892781     0.99850570
      1.0000000     -1.9955022    0.035901450    -0.10698869   0.0045038683     0.99849822
      1.0000000     -1.9955423    0.035581971    -0.11889054   0.0044538045     0.99851328
      1.0000000     -1.9955275    0.035700055    -0.11701758   0.0044538402     0.99851080
      1.0000000     -1.9955517    0.035507008    -0.12605646   0.0044274115     0.99851926
      1.0000000     -1.9955944    0.035166842    -0.13725610   0.0043850241     0.99853347
      1.0000000     -1.9956266    0.034910347    -0.14178063   0.0043695594     0.99854143
      1.0000000     -1.9956720    0.034549050    -0.13619927   0.0043196719     0.99855733
      1.0000000     -1.9956749    0.034526168    -0.13970933   0.0043122228     0.99855906
      1.0000000     -1.9956096    0.035046301    -0.13367075   0.0043524043     0.99854144
      1.0000000     -1.9955997    0.035125161    -0.12988813   0.0043514296     0.99853995
      1.0000000     -1.9956210    0.034955033    -0.13209034   0.0043284207     0.99854736
      1.0000000     -1.9956331    0.034858679    -0.13112544   0.0043430939     0.99854693
      1.0000000     -1.9956752    0.034523188    -0.12168068   0.0042969941     0.99856166
      1.0000000     -1.9956565    0.034672612    -0.12416660   0.0043265825     0.99855359
      1.0000000     -1.9956382    0.034818638    -0.13013394   0.0043491642     0.99854676
      1.0000000     -1.9956746    0.034528225    -0.13990354   0.0043128924     0.99855890
      1.0000000     -1.9956896    0.034409010    -0.14300695   0.0043062873     0.99856251
      1.0000000     -1.9956797    0.034487947    -0.14131680   0.0043365304     0.99855580
      1.0000000     -1.9956943    0.034371762    -0.13910292   0.0043176951     0.99856138
      1.0000000     -1.9956605    0.034640725    -0.14208681   0.0043351324     0.99855283
      1.0000000     -1.9956750    0.034525389    -0.14194563   0.0043285719     0.99855634
      1.0000000     -1.9957048    0.034287612    -0.14855488   0.0042967551     0.99856664
      1.0000000     -1.9957147    0.034209244    -0.14179135   0.0042752403     0.99857188
      1.0000000     -1.9957205    0.034163065    -0.14828128   0.0042790623     0.99857221
      1.0000000     -1.9956919    0.034390181    -0.14162247   0.0043111789     0.99856208
      1.0000000     -1.9956979    0.034343109    -0.14167550   0.0042976703     0.99856533
      1.0000000     -1.9957074    0.034267321    -0.13854896   0.0042937286     0.99856757
      1.0000000     -1.9957204    0.034163670    -0.13288098   0.0042769950     0.99857254
      1.0000000     -1.9957258    0.034120201    -0.12782602   0.0042642186     0.99857558
      1.0000000     -1.9957420    0.033991197    -0.12116223   0.0042462991     0.99858128
      1.0000000     -1.9957257    0.034121320    -0.11606568   0.0042715395     0.99857434
      1.0000000     -1.9957239    0.034135985    -0.11927632   0.0042573970     0.99857639
      1.0000000     -1.9957291    0.034094418    -0.11832317   0.0042558044     0.99857753
      1.0000000     -1.9957203    0.034164494    -0.11653103   0.0042663700     0.99857430
      1.0000000     -1.9957392    0.034013591    -0.12159586   0.0042527075     0.99857974
      1.0000000     -1.9957612    0.033838246    -0.12748571   0.0042375973     0.99858594
      1.0000000     -1.9957558    0.033881781    -0.12999306   0.0042514251     0.99858272
      1.0000000     -1.9957638    0.033817656    -0.12279722   0.0042382472     0.99858626
      1.0000000     -1.9957784    0.033701714    -0.12086646   0.0042269759     0.99859058
      1.0000000     -1.9957795    0.033692809    -0.12761187   0.0042323218     0.99858987
      1.0000000     -1.9957675    0.033788124    -0.12857278   0.0042342897     0.99858754
      1.0000000     -1.9957720    0.033752833    -0.13178154   0.0042427165     0.99858688
      1.0000000     -1.9957924    0.033590312    -0.12927985   0.0042189935     0.99859424
      1.0000000     -1.9958124    0.033430566    -0.12590052   0.0041909114     0.99860228
      1.0000000     -1.9957974    0.033550010    -0.11969787   0.0041947325     0.99859914
      1.0000000     -1.9958046    0.033492982    -0.11497916   0.0041829165     0.99860231
      1.0000000     -1.9957651    0.033807636    -0.11709016   0.0042176609     0.99858991
      1.0000000     -1.9957908    0.033602357    -0.12172929   0.0041874588     0.99859926
      1.0000000     -1.9958009    0.033521991    -0.12322776   0.0041744757     0.99860311
      1.0000000     -1.9957927    0.033587610    -0.13017816   0.0041752652     0.99860160
      1.0000000     -1.9957876    0.033628252    -0.12812477   0.0041880348     0.99859862
      1.0000000     -1.9957975    0.033549608    -0.12620402   0.0041798179     0.99860164
      1.0000000     -1.9958013    0.033519290    -0.12005150   0.0041658219     0.99860461
      1.0000000     -1.9957728    0.033746335    -0.11862105   0.0041944136     0.99859508
      1.0000000     -1.9957680    0.033784466    -0.11891448   0.0042109891     0.99859151
      1.0000000     -1.9957604    0.033844996    -0.11175807   0.0042201006     0.99858872
      1.0000000     -1.9957730    0.033744898    -0.10735151   0.0042105295     0.99859242
      1.0000000     -1.9957796    0.033691607    -0.11110835   0.0042081854     0.99859392
      1.0000000     -1.9957834    0.033661592    -0.11158448   0.0042115019     0.99859400
      1.0000000     -1.9957843    0.033654328    -0.11636220   0.0042161603     0.99859337
      1.0000000     -1.9957769    0.033713571    -0.11472075   0.0042165738     0.99859206
      1.0000000     -1.9957806    0.033684061    -0.10990320   0.0042197545     0.99859215
      1.0000000     -1.9958007    0.033524136    -0.10927234   0.0041983277     0.99859908
      1.0000000     -1.9957987    0.033539736    -0.11303950   0.0041880227     0.99860048
      1.0000000     -1.9957968    0.033555110    -0.11250567   0.0041859455     0.99860050
      1.0000000     -1.9957895    0.033612937    -0.11344595   0.0041945818     0.99859785
      1.0000000     -1.9957877    0.033627568    -0.11716639   0.0042004503     0.99859656
      1.0000000     -1.9957621    0.033831299    -0.11534460   0.0042299102     0.99858737
      1.0000000     -1.9957631    0.033823301    -0.10982415   0.0042380690     0.99858617
      1.0000000     -1.9957849    0.033649494    -0.10378276   0.0042162689     0.99859346
      1.0000000     -1.9957961    0.033560483   -0.099877451   0.0042037840     0.99859741
      1.0000000     -1.9957814    0.033677243   -0.099143066   0.0042196137     0.99859232
      1.0000000     -1.9957823    0.033670518    -0.10529993   0.0042276196     0.99859112
      1.0000000     -1.9957755    0.033724412    -0.10587083   0.0042506695     0.99858614
      1.0000000     -1.9957789    0.033697420    -0.10722704   0.0042345094     0.99858941
      1.0000000     -1.9957648    0.033810124    -0.10440539   0.0042422258     0.99858576
      1.0000000     -1.9957657    0.033802693    -0.10503909   0.0042424354     0.99858588
      1.0000000     -1.9957592    0.033854284    -0.10007865   0.0042500110     0.99858353
      1.0000000     -1.9957332    0.034061286    -0.10442303   0.0042708956     0.99857570
      1.0000000     -1.9957392    0.034013591    -0.10815886   0.0042612081     0.99857832
      1.0000000     -1.9957330    0.034062806    -0.11200392   0.0042504169     0.99857909
      1.0000000     -1.9957414    0.033996584    -0.11472570   0.0042397922     0.99858225
      1.0000000     -1.9957424    0.033988243    -0.11424146   0.0042328633     0.99858359
      1.0000000     -1.9957458    0.033961119    -0.11948781   0.0042283939     0.99858490
      1.0000000     -1.9957468    0.033953109    -0.11816427   0.0042216247     0.99858620
      1.0000000     -1.9957478    0.033945199    -0.11511295   0.0042359746     0.99858397
      1.0000000     -1.9957558    0.033881781    -0.11250465   0.0042292559     0.99858642
      1.0000000     -1.9957613    0.033837570    -0.11055889   0.0042203081     0.99858884
      1.0000000     -1.9957668    0.033793906    -0.11328114   0.0042080300     0.99859181
      1.0000000     -1.9957814    0.033677995    -0.10910070   0.0041913601     0.99859702
      1.0000000     -1.9957935    0.033581582    -0.11452620   0.0041862184     0.99859990
      1.0000000     -1.9957806    0.033684061    -0.11348632   0.0042069924     0.99859428
      1.0000000     -1.9957881    0.033624505    -0.11881891   0.0042040487     0.99859602
      1.0000000     -1.9957888    0.033618942    -0.11561111   0.0041977901     0.99859718
      1.0000000     -1.9957895    0.033613445    -0.11462821   0.0041949238     0.99859778
      1.0000000     -1.9957989    0.033537815    -0.11695092   0.0041844119     0.99860112
      1.0000000     -1.9958083    0.033463073    -0.11788248   0.0041838603     0.99860278
      1.0000000     -1.9958067    0.033475929    -0.11765413   0.0041887277     0.99860169
      1.0000000     -1.9958116    0.033436903    -0.11860216   0.0041838283     0.99860333
      1.0000000     -1.9958315    0.033278319    -0.12369533   0.0041650513     0.99860979
      1.0000000     -1.9958277    0.033309061    -0.12840794   0.0041742103     0.99860762
      1.0000000     -1.9958409    0.033203863    -0.12267312   0.0041684318     0.99861079
      1.0000000     -1.9958476    0.033150416    -0.12464409   0.0041563729     0.99861392
      1.0000000     -1.9958542    0.033097573    -0.12662960   0.0041444501     0.99861702
      1.0000000     -1.9958650    0.033011997    -0.12877216   0.0041399760     0.99861956
      1.0000000     -1.9958340    0.033258780    -0.12693586   0.0041749200     0.99860855
      1.0000000     -1.9958158    0.033403949    -0.12561326   0.0041909177     0.99860284
      1.0000000     -1.9957730    0.033744142    -0.12493109   0.0042344082     0.99858845
      1.0000000     -1.9957717    0.033754676    -0.12801420   0.0042387035     0.99858751
      1.0000000     -1.9957562    0.033878539    -0.13156714   0.0042530780     0.99858251
      1.0000000     -1.9957610    0.033839873    -0.13062953   0.0042481487     0.99858414
      1.0000000     -1.9957638    0.033817656    -0.12579692   0.0042472861     0.99858475
      1.0000000     -1.9957245    0.034130518    -0.12433947   0.0042733238     0.99857385
      1.0000000     -1.9957315    0.034075267    -0.12881758   0.0042614142     0.99857699
      1.0000000     -1.9957106    0.034241451    -0.13036321   0.0042960276     0.99856773
      1.0000000     -1.9957038    0.034296036    -0.12494386   0.0043027755     0.99856546
      1.0000000     -1.9956813    0.034474912    -0.12392523   0.0043319130     0.99855684
      1.0000000     -1.9957020    0.034310330    -0.11804129   0.0043102452     0.99856391
      1.0000000     -1.9957088    0.034255582    -0.11598770   0.0043013567     0.99856654
      1.0000000     -1.9957079    0.034262865    -0.11894432   0.0043108362     0.99856481
      1.0000000     -1.9957051    0.034285359    -0.11906334   0.0043211720     0.99856261
      1.0000000     -1.9956737    0.034535743    -0.11644329   0.0043427800     0.99855375
      1.0000000     -1.9956825    0.034465833    -0.12012685   0.0043414941     0.99855543
      1.0000000     -1.9956855    0.034441794    -0.11885609   0.0043373811     0.99855663
      1.0000000     -1.9956885    0.034417997    -0.11385495   0.0043304945     0.99855827
      1.0000000     -1.9956802    0.034483853    -0.11100411   0.0043460626     0.99855429
      1.0000000     -1.9956869    0.034430428    -0.10918466   0.0043512852     0.99855454
      1.0000000     -1.9956806    0.034480813    -0.11082432   0.0043518091     0.99855340
      1.0000000     -1.9956485    0.034736228    -0.11247033   0.0043899877     0.99854167
      1.0000000     -1.9956369    0.034828432    -0.11441785   0.0044012875     0.99853785
      1.0000000     -1.9956291    0.034890658    -0.11535850   0.0044024656     0.99853635
      1.0000000     -1.9956395    0.034807624    -0.11812015   0.0043918860     0.99853985
      1.0000000     -1.9956372    0.034826162    -0.11363669   0.0043958145     0.99853881
      1.0000000     -1.9956259    0.034916149    -0.11250094   0.0044041752     0.99853553
      1.0000000     -1.9956398    0.034805677    -0.10753542   0.0043973198     0.99853899
      1.0000000     -1.9956232    0.034937466    -0.10859516   0.0044055828     0.99853484
      1.0000000     -1.9956210    0.034955033    -0.10759449   0.0044067172     0.99853429
      1.0000000     -1.9956312    0.034874055    -0.10568844   0.0043937768     0.99853815
      1.0000000     -1.9956325    0.034863780    -0.10653555   0.0043879521     0.99853933
      1.0000000     -1.9956512    0.034714379    -0.11068433   0.0043682602     0.99854575
      1.0000000     -1.9956472    0.034746518    -0.11418631   0.0043678081     0.99854516
      1.0000000     -1.9956519    0.034709393    -0.11810291   0.0043630563     0.99854673
      1.0000000     -1.9956668    0.034590238    -0.11461608   0.0043506272     0.99855130
      1.0000000     -1.9956851    0.034444846    -0.11869576   0.0043314696     0.99855755
      1.0000000     -1.9957032    0.034300786    -0.11786224   0.0043124875     0.99856374
      1.0000000     -1.9957092    0.034252831    -0.11992889   0.0043021395     0.99856647
      1.0000000     -1.9957016    0.034313153    -0.12123342   0.0043062165     0.99856453
      1.0000000     -1.9957059    0.034278996    -0.12016177   0.0043018722     0.99856597
      1.0000000     -1.9956934    0.034378731    -0.11996262   0.0043209683     0.99856069
      1.0000000     -1.9957027    0.034304690    -0.11977026   0.0043116075     0.99856380
      1.0000000     -1.9957169    0.034191591    -0.11722697   0.0042973631     0.99856855
      1.0000000     -1.9957161    0.034198123    -0.11317986   0.0043030349     0.99856747
      1.0000000     -1.9957251    0.034125862    -0.11481197   0.0042914112     0.99857092
      1.0000000     -1.9957144    0.034211013    -0.11148236   0.0042994960     0.99856779
      1.0000000     -1.9957136    0.034217373    -0.11162534   0.0043001945     0.99856754
      1.0000000     -1.9957194    0.034171877    -0.11221293   0.0042952200     0.99856932
      1.0000000     -1.9957363    0.034036515    -0.11607247   0.0042773853     0.99857514
      1.0000000     -1.9957355    0.034043548    -0.11570296   0.0042733445     0.99857567
      1.0000000     -1.9957394    0.034012171    -0.11298889   0.0042645427     0.99857779
      1.0000000     -1.9957433    0.033981063    -0.11343990   0.0042582085     0.99857950
      1.0000000     -1.9957408    0.034000917    -0.11115606   0.0042598566     0.99857881
      1.0000000     -1.9957494    0.033932262    -0.11136112   0.0042559772     0.99858090
      1.0000000     -1.9957659    0.033801353    -0.10665235   0.0042387617     0.99858652
      1.0000000     -1.9957602    0.033846742    -0.10468133   0.0042467367     0.99858424
      1.0000000     -1.9957514    0.033916672    -0.10092481   0.0042562001     0.99858119
      1.0000000     -1.9957583    0.033861926   -0.097170514   0.0042508432     0.99858323
      1.0000000     -1.9957604    0.033844709   -0.099151077   0.0042524895     0.99858332
      1.0000000     -1.9957502    0.033926083   -0.096523622   0.0042625793     0.99857993
      1.0000000     -1.9957416    0.033994528   -0.095621696   0.0042649109     0.99857810
      1.0000000     -1.9957530    0.033903749   -0.099341886   0.0042504398     0.99858242
      1.0000000     -1.9957460    0.033959571    -0.10006767   0.0042588967     0.99857984
      1.0000000     -1.9957543    0.033893886   -0.098771787   0.0042460792     0.99858336
      1.0000000     -1.9957655    0.033804622   -0.099408102   0.0042341268     0.99858722
      1.0000000     -1.9957751    0.033728088   -0.097421478   0.0042275339     0.99858993
      1.0000000     -1.9957816    0.033676088   -0.099978157   0.0042202392     0.99859224
      1.0000000     -1.9957821    0.033672150    -0.10134058   0.0042204537     0.99859228
      1.0000000     -1.9957707    0.033763149    -0.10130975   0.0042288194     0.99858898
      1.0000000     -1.9957653    0.033806159    -0.10044075   0.0042363893     0.99858681
      1.0000000     -1.9957555    0.033884135   -0.097837922   0.0042416788     0.99858430
      1.0000000     -1.9957605    0.033844269   -0.094759020   0.0042352041     0.99858621
      1.0000000     -1.9957713    0.033758012   -0.093753848   0.0042236709     0.99858995
      1.0000000     -1.9957762    0.033718953   -0.093820901   0.0042195034     0.99859146
      1.0000000     -1.9957840    0.033657028   -0.091869954   0.0042160997     0.99859333
      1.0000000     -1.9957931    0.033584045   -0.087623967   0.0042076644     0.99859627
      1.0000000     -1.9958066    0.033477139   -0.090743996   0.0041928210     0.99860099
      1.0000000     -1.9958113    0.033439766   -0.087856165   0.0041845325     0.99860315
      1.0000000     -1.9958188    0.033379866   -0.085763073   0.0041748838     0.99860602
      1.0000000     -1.9958163    0.033399971   -0.083376127   0.0041745451     0.99860565
      1.0000000     -1.9958152    0.033408603   -0.082089844   0.0041735024     0.99860565
      1.0000000     -1.9958155    0.033405891   -0.080912080   0.0041675249     0.99860670
      1.0000000     -1.9958201    0.033369496   -0.079496096   0.0041594891     0.99860881
      1.0000000     -1.9958162    0.033400529   -0.080674426   0.0041641190     0.99860738
      1.0000000     -1.9958151    0.033409028   -0.081938022   0.0041652268     0.99860702
      1.0000000     -1.9958308    0.033284162   -0.077885819   0.0041496556     0.99861224
      1.0000000     -1.9958422    0.033193428   -0.073865247   0.0041383526     0.99861603
      1.0000000     -1.9958438    0.033180550   -0.077188063   0.0041360953     0.99861667
      1.0000000     -1.9958551    0.033090871   -0.076047958   0.0041249261     0.99862042
      1.0000000     -1.9958539    0.033100356   -0.075156682   0.0041302719     0.99861933
      1.0000000     -1.9958595    0.033055249   -0.078497301   0.0041260273     0.99862098
      1.0000000     -1.9958692    0.032977877   -0.074842693   0.0041177376     0.99862399
      1.0000000     -1.9958721    0.032955196   -0.072819459   0.0041149210     0.99862493
      1.0000000     -1.9958763    0.032921893   -0.074130170   0.0041155057     0.99862553
      1.0000000     -1.9958764    0.032921072   -0.073590113   0.0041160787     0.99862545
      1.0000000     -1.9958805    0.032888134   -0.073323101   0.0041146427     0.99862638
      1.0000000     -1.9958806    0.032887440   -0.073370046   0.0041172198     0.99862597
      1.0000000     -1.9958767    0.032918646   -0.072428189   0.0041137773     0.99862589
      1.0000000     -1.9958808    0.032886068   -0.070005850   0.0041143557     0.99862648
      1.0000000     -1.9958861    0.032843167   -0.068415244   0.0041103036     0.99862805
      1.0000000     -1.9958849    0.032853161   -0.071241148   0.0041056093     0.99862863
      1.0000000     -1.9958810    0.032884047   -0.072417443   0.0041121050     0.99862689
      1.0000000     -1.9958745    0.032935603   -0.072821516   0.0041178959     0.99862485
      1.0000000     -1.9958760    0.032924353   -0.075072174   0.0041177929     0.99862510
      1.0000000     -1.9958695    0.032975408   -0.071924353   0.0041215744     0.99862340
      1.0000000     -1.9958528    0.033108784   -0.072099556   0.0041440854     0.99861684
      1.0000000     -1.9958543    0.033097050   -0.069093473   0.0041380861     0.99861809
      1.0000000     -1.9958596    0.033054607   -0.068843124   0.0041321353     0.99861997
      1.0000000     -1.9958675    0.032992001   -0.067876216   0.0041211046     0.99862313
      1.0000000     -1.9958599    0.033052138   -0.069454893   0.0041331081     0.99861986
      1.0000000     -1.9958626    0.033030601   -0.068639139   0.0041361394     0.99861981
      1.0000000     -1.9958615    0.033039580   -0.068179017   0.0041315332     0.99862039
      1.0000000     -1.9958680    0.032987966   -0.069430620   0.0041212842     0.99862318
      1.0000000     -1.9958795    0.032896482   -0.072583831   0.0041085945     0.99862722
      1.0000000     -1.9958896    0.032815637   -0.075715736   0.0040984991     0.99863060
      1.0000000     -1.9958922    0.032795258   -0.076552006   0.0040959653     0.99863145
      1.0000000     -1.9959047    0.032695386   -0.078969314   0.0040847373     0.99863542
      1.0000000     -1.9959084    0.032665625   -0.078425977   0.0040779187     0.99863718
      1.0000000     -1.9959072    0.032675611   -0.077730827   0.0040791883     0.99863676
      1.0000000     -1.9959133    0.032626404   -0.074994805   0.0040712032     0.99863912
      1.0000000     -1.9959158    0.032606988   -0.074397292   0.0040669559     0.99864024
      1.0000000     -1.9959231    0.032548542   -0.077449322   0.0040602925     0.99864258
      1.0000000     -1.9959169    0.032597813   -0.075307332   0.0040750415     0.99863908
      1.0000000     -1.9959193    0.032578682   -0.076746457   0.0040708234     0.99864019
      1.0000000     -1.9959254    0.032530595   -0.079760584   0.0040648178     0.99864220
      1.0000000     -1.9959192    0.032579442   -0.080411823   0.0040703291     0.99864025
      1.0000000     -1.9959095    0.032656864   -0.080395521   0.0040776079     0.99863742
      1.0000000     -1.9959131    0.032628190   -0.078029252   0.0040728370     0.99863881
      1.0000000     -1.9959155    0.032609270   -0.074556542   0.0040704922     0.99863960
      1.0000000     -1.9959059    0.032685848   -0.072978143   0.0040830774     0.99863589
      1.0000000     -1.9959059    0.032685879   -0.069689463   0.0040819017     0.99863609
      1.0000000     -1.9959154    0.032610095   -0.066272817   0.0040706586     0.99863956
      1.0000000     -1.9959189    0.032582027   -0.064501710   0.0040677610     0.99864063
      1.0000000     -1.9959059    0.032685969   -0.062461440   0.0040784191     0.99863667
      1.0000000     -1.9959094    0.032657839   -0.062991885   0.0040737513     0.99863804
      1.0000000     -1.9959164    0.032601814   -0.062926472   0.0040656023     0.99864057
      1.0000000     -1.9959223    0.032555469   -0.061827693   0.0040563338     0.99864309
      1.0000000     -1.9959304    0.032490817   -0.060115787   0.0040477100     0.99864589
      1.0000000     -1.9959338    0.032463647   -0.059952066   0.0040414544     0.99864750
      1.0000000     -1.9959337    0.032464369   -0.058420783   0.0040421778     0.99864737
      1.0000000     -1.9959382    0.032428238   -0.056231587   0.0040354032     0.99864925
      1.0000000     -1.9959404    0.032410698   -0.056396658   0.0040349945     0.99864969
      1.0000000     -1.9959472    0.032356645   -0.055640013   0.0040305820     0.99865156
      1.0000000     -1.9959448    0.032375942   -0.054756000   0.0040358998     0.99865027
      1.0000000     -1.9959435    0.032386021   -0.055566754   0.0040371971     0.99864984
      1.0000000     -1.9959491    0.032341610   -0.052502385   0.0040333845     0.99865141
      1.0000000     -1.9959512    0.032324601   -0.051413551   0.0040295891     0.99865240
      1.0000000     -1.9959466    0.032361793   -0.049163511   0.0040427482     0.99864942
      1.0000000     -1.9959464    0.032362804   -0.047486123   0.0040434480     0.99864928
      1.0000000     -1.9959474    0.032354847   -0.045499434   0.0040419000     0.99864971
      1.0000000     -1.9959439    0.032382677   -0.043256421   0.0040409130     0.99864929
      1.0000000     -1.9959461    0.032365800   -0.044266064   0.0040338040     0.99865083
      1.0000000     -1.9959426    0.032393431   -0.044603366   0.0040328471     0.99865041
      1.0000000     -1.9959425    0.032394332   -0.046452584   0.0040302380     0.99865083
      1.0000000     -1.9959424    0.032395228   -0.046871676   0.0040359397     0.99864986
      1.0000000     -1.9959456    0.032369712   -0.047838170   0.0040366511     0.99865027
      1.0000000     -1.9959510    0.032326795   -0.048445369   0.0040362627     0.99865124
      1.0000000     -1.9959508    0.032327882   -0.048237117   0.0040386074     0.99865082
      1.0000000     -1.9959573    0.032276616   -0.046799855   0.0040311128     0.99865315
      1.0000000     -1.9959582    0.032269145   -0.047587360   0.0040280117     0.99865382
      1.0000000     -1.9959624    0.032235697   -0.050368926   0.0040249346     0.99865504
      1.0000000     -1.9959633    0.032228389   -0.047979590   0.0040218695     0.99865570
      1.0000000     -1.9959642    0.032221123   -0.048823086   0.0040204428     0.99865609
      1.0000000     -1.9959630    0.032231096   -0.046015302   0.0040233293     0.99865540
      1.0000000     -1.9959693    0.032180998   -0.045013967   0.0040160087     0.99865767
      1.0000000     -1.9959701    0.032173931   -0.044206431   0.0040146112     0.99865805
      1.0000000     -1.9959721    0.032158382   -0.045274668   0.0040142915     0.99865843
      1.0000000     -1.9959666    0.032202419   -0.044209389   0.0040144928     0.99865748
      1.0000000     -1.9959770    0.032119073   -0.045827040   0.0040051651     0.99866078
      1.0000000     -1.9959768    0.032120715   -0.043125375   0.0040043419     0.99866088
      1.0000000     -1.9959692    0.032181339   -0.042003888   0.0040087890     0.99865887
      1.0000000     -1.9959764    0.032123971   -0.040960473   0.0039995511     0.99866162
      1.0000000     -1.9959762    0.032125585   -0.043459022   0.0040034749     0.99866093
      1.0000000     -1.9959854    0.032051985   -0.045415718   0.0039932608     0.99866417
      1.0000000     -1.9959821    0.032078790   -0.044613612   0.0039924770     0.99866374
      1.0000000     -1.9959860    0.032047280   -0.045904065   0.0039880671     0.99866514
      1.0000000     -1.9959858    0.032049091   -0.045707205   0.0039841935     0.99866575
      1.0000000     -1.9959908    0.032009575   -0.044429540   0.0039777626     0.99866765
      1.0000000     -1.9959978    0.031953799   -0.044698333   0.0039703388     0.99867006
      1.0000000     -1.9960078    0.031873679   -0.041804690   0.0039598731     0.99867348
      1.0000000     -1.9959911    0.032007064   -0.040590045   0.0039812434     0.99866712
      1.0000000     -1.9960021    0.031919067   -0.037723406   0.0039702953     0.99867079
      1.0000000     -1.9960080    0.031872302   -0.036989467   0.0039650137     0.99867266
      1.0000000     -1.9960016    0.031923321   -0.035292333   0.0039704304     0.99867068
      1.0000000     -1.9960003    0.031933536   -0.035956783   0.0039687186     0.99867075
      1.0000000     -1.9960071    0.031879030   -0.035462667   0.0039599420     0.99867336
      1.0000000     -1.9960129    0.031832881   -0.035267662   0.0039532311     0.99867545
      1.0000000     -1.9960167    0.031803061   -0.036903184   0.0039460493     0.99867727
      1.0000000     -1.9960103    0.031853579   -0.037114618   0.0039529508     0.99867506
      1.0000000     -1.9960101    0.031855848   -0.034324179   0.0039553179     0.99867462
      1.0000000     -1.9960078    0.031874054   -0.032785491   0.0039541721     0.99867443
      1.0000000     -1.9959875    0.032035317   -0.032112692   0.0039694405     0.99866850
      1.0000000     -1.9959903    0.032013287   -0.032344380   0.0039687687     0.99866907
      1.0000000     -1.9959980    0.031951821   -0.031485728   0.0039611721     0.99867163
      1.0000000     -1.9960027    0.031914351   -0.029446420   0.0039536105     0.99867368
      1.0000000     -1.9960015    0.031924291   -0.026720978   0.0039564293     0.99867300
      1.0000000     -1.9960081    0.031871396   -0.024806019   0.0039508901     0.99867503
      1.0000000     -1.9960039    0.031904879   -0.025110413   0.0039581087     0.99867313
      1.0000000     -1.9959997    0.031938186   -0.023263902   0.0039638222     0.99867147
      1.0000000     -1.9960005    0.031932387   -0.023241685   0.0039626864     0.99867179
      1.0000000     -1.9959973    0.031957682   -0.023153066   0.0039649546     0.99867088
      1.0000000     -1.9959931    0.031990589   -0.021998069   0.0039691500     0.99866949
      1.0000000     -1.9959949    0.031976975   -0.024541071   0.0039646235     0.99867053
      1.0000000     -1.9960004    0.031932610   -0.027072797   0.0039581968     0.99867253
      1.0000000     -1.9959982    0.031949956   -0.026971072   0.0039628619     0.99867139
      1.0000000     -1.9959893    0.032020870   -0.027576476   0.0039780543     0.99866737
      1.0000000     -1.9959939    0.031984381   -0.027514758   0.0039721199     0.99866912
      1.0000000     -1.9959851    0.032054842   -0.028307065   0.0039814782     0.99866608
      1.0000000     -1.9959801    0.032094516   -0.028354287   0.0039874600     0.99866425
      1.0000000     -1.9959752    0.032133986   -0.027902090   0.0039948368     0.99866219
      1.0000000     -1.9959797    0.032097581   -0.025784681   0.0039903423     0.99866371
      1.0000000     -1.9959824    0.032076458   -0.025269326   0.0039882314     0.99866450
      1.0000000     -1.9959841    0.032062971   -0.025968455   0.0039851863     0.99866529
      1.0000000     -1.9959801    0.032094612   -0.026081086   0.0039877917     0.99866419
      1.0000000     -1.9959818    0.032081147   -0.028024098   0.0039847630     0.99866498
      1.0000000     -1.9959788    0.032105111   -0.028114573   0.0039882941     0.99866389
      1.0000000     -1.9959739    0.032143860   -0.026809401   0.0039927379     0.99866234
      1.0000000     -1.9959737    0.032145243   -0.028519036   0.0039906477     0.99866266
      1.0000000     -1.9959736    0.032146618   -0.026977150   0.0039899616     0.99866274
      1.0000000     -1.9959539    0.032303334   -0.028737724   0.0040100965     0.99865610
      1.0000000     -1.9959593    0.032260035   -0.027660932   0.0040038286     0.99865805
      1.0000000     -1.9959564    0.032283197   -0.027800617   0.0040086430     0.99865676
      1.0000000     -1.9959563    0.032284218   -0.028521100   0.0040106789     0.99865640
      1.0000000     -1.9959571    0.032277908   -0.028730132   0.0040108711     0.99865650
      1.0000000     -1.9959570    0.032278937   -0.028677250   0.0040101454     0.99865660
      1.0000000     -1.9959587    0.032265383   -0.029565899   0.0040085134     0.99865716
      1.0000000     -1.9959613    0.032244626   -0.031941448   0.0040064356     0.99865794
      1.0000000     -1.9959548    0.032296497   -0.033753074   0.0040129837     0.99865576
      1.0000000     -1.9959492    0.032340880   -0.034738164   0.0040258464     0.99865268
      1.0000000     -1.9959527    0.032312873   -0.032867323   0.0040260038     0.99865324
      1.0000000     -1.9959544    0.032299401   -0.030963997   0.0040243532     0.99865380
      1.0000000     -1.9959534    0.032307543   -0.029001603   0.0040267549     0.99865323
      1.0000000     -1.9959551    0.032294149   -0.029756413   0.0040237639     0.99865401
      1.0000000     -1.9959594    0.032259377   -0.028197301   0.0040167624     0.99865590
      1.0000000     -1.9959566    0.032281817   -0.027447117   0.0040294353     0.99865332
      1.0000000     -1.9959645    0.032218786   -0.027682843   0.0040220146     0.99865588
      1.0000000     -1.9959608    0.032248313   -0.026062393   0.0040230548     0.99865509
      1.0000000     -1.9959607    0.032249380   -0.025145188   0.0040236529     0.99865496
      1.0000000     -1.9959623    0.032236316   -0.022844644   0.0040233665     0.99865528
      1.0000000     -1.9959569    0.032279683   -0.022769379   0.0040292480     0.99865339
      1.0000000     -1.9959470    0.032357990   -0.020566532   0.0040359743     0.99865063
      1.0000000     -1.9959478    0.032351775   -0.018711857   0.0040387342     0.99865030
      1.0000000     -1.9959416    0.032401558   -0.018724799   0.0040423449     0.99864865
      1.0000000     -1.9959389    0.032423188   -0.017961763   0.0040428845     0.99864811
      1.0000000     -1.9959353    0.032451679   -0.017049149   0.0040464732     0.99864691
      1.0000000     -1.9959378    0.032431410   -0.018896228   0.0040443990     0.99864768
      1.0000000     -1.9959430    0.032390443   -0.018398010   0.0040384319     0.99864954
      1.0000000     -1.9959490    0.032342752   -0.019529087   0.0040320610     0.99865160
      1.0000000     -1.9959463    0.032364267   -0.019997316   0.0040378038     0.99865019
      1.0000000     -1.9959496    0.032337506   -0.020328834   0.0040327526     0.99865160
      1.0000000     -1.9959538    0.032304001   -0.020088732   0.0040260058     0.99865343
      1.0000000     -1.9959442    0.032380263   -0.018591826   0.0040312813     0.99865095
      1.0000000     -1.9959502    0.032333145   -0.017331718   0.0040288536     0.99865234
      1.0000000     -1.9959355    0.032449903   -0.017662036   0.0040494668     0.99864645
      1.0000000     -1.9959388    0.032423252   -0.017348065   0.0040457253     0.99864763
      1.0000000     -1.9959430    0.032389935   -0.015021529   0.0040403017     0.99864924
      1.0000000     -1.9959446    0.032377088   -0.014141694   0.0040399891     0.99864956
      1.0000000     -1.9959446    0.032377813   -0.016383992   0.0040417913     0.99864924
      1.0000000     -1.9959478    0.032351568   -0.016690711   0.0040393682     0.99865020
      1.0000000     -1.9959461    0.032365800   -0.015344957   0.0040432673     0.99864925
      1.0000000     -1.9959418    0.032400102   -0.015943235   0.0040484053     0.99864767
      1.0000000     -1.9959459    0.032367288   -0.015044357   0.0040430491     0.99864925
      1.0000000     -1.9959491    0.032341303   -0.016953732   0.0040406451     0.99865020
      1.0000000     -1.9959499    0.032335433   -0.017708760   0.0040382473     0.99865072
      1.0000000     -1.9959523    0.032316287   -0.017679698   0.0040362799     0.99865145
      1.0000000     -1.9959597    0.032257410   -0.017248689   0.0040305890     0.99865364
      1.0000000     -1.9959604    0.032251766   -0.017177361   0.0040282297     0.99865415
      1.0000000     -1.9959636    0.032226328   -0.014914421   0.0040258854     0.99865507
      1.0000000     -1.9959609    0.032247146   -0.013169728   0.0040289091     0.99865413
      1.0000000     -1.9959608    0.032248140   -0.012161689   0.0040294518     0.99865402
      1.0000000     -1.9959673    0.032196627   -0.012594393   0.0040230153     0.99865618
      1.0000000     -1.9959721    0.032158438   -0.012968684   0.0040211163     0.99865729
      1.0000000     -1.9959695    0.032179223   -0.012005061   0.0040216682     0.99865676
      1.0000000     -1.9959652    0.032212955   -0.011142023   0.0040267070     0.99865522
      1.0000000     -1.9959700    0.032174981   -0.011062070   0.0040211449     0.99865694
      1.0000000     -1.9959690    0.032182611   -0.011614849   0.0040208829     0.99865682
      1.0000000     -1.9959657    0.032209638   -0.011716095   0.0040279204     0.99865508
      1.0000000     -1.9959607    0.032249473   -0.012259566   0.0040296616     0.99865396
      1.0000000     -1.9959597    0.032256891   -0.010063251   0.0040293827     0.99865385
      1.0000000     -1.9959645    0.032219234   -0.010577866   0.0040226660     0.99865576
      1.0000000     -1.9959700    0.032175319   -0.011797584   0.0040179908     0.99865746
      1.0000000     -1.9959634    0.032227698   -0.010759132   0.0040217421     0.99865574
      1.0000000     -1.9959697    0.032177561   -0.012102184   0.0040166900     0.99865763
      1.0000000     -1.9959711    0.032165916   -0.013472085   0.0040152475     0.99865812
      1.0000000     -1.9959694    0.032179783   -0.014531117   0.0040142042     0.99865800
      1.0000000     -1.9959740    0.032142775   -0.015130002   0.0040076063     0.99865988
      1.0000000     -1.9959739    0.032143956   -0.013696772   0.0040093659     0.99865956
      1.0000000     -1.9959761    0.032126157   -0.014792012   0.0040087451     0.99866003
      1.0000000     -1.9959744    0.032139991   -0.014884508   0.0040160271     0.99865853
      1.0000000     -1.9959727    0.032153767   -0.014432387   0.0040209109     0.99865742
      1.0000000     -1.9959686    0.032186338   -0.012504023   0.0040234078     0.99865633
      1.0000000     -1.9959645    0.032218771   -0.012601753   0.0040270726     0.99865503
      1.0000000     -1.9959605    0.032251068   -0.012552978   0.0040307220     0.99865375
      1.0000000     -1.9959509    0.032326943   -0.011188227   0.0040370844     0.99865110
      1.0000000     -1.9959540    0.032302790  -0.0090656423   0.0040336834     0.99865217
      1.0000000     -1.9959562    0.032284956  -0.0069523471   0.0040318534     0.99865285
      1.0000000     -1.9959577    0.032273403  -0.0063162625   0.0040304184     0.99865333
      1.0000000     -1.9959568    0.032280477  -0.0067428031   0.0040324765     0.99865284
      1.0000000     -1.9959621    0.032238082  -0.0079914759   0.0040256336     0.99865487
      1.0000000     -1.9959635    0.032226699  -0.0084383026   0.0040230615     0.99865554
      1.0000000     -1.9959649    0.032215362  -0.0063837618   0.0040181870     0.99865659
      1.0000000     -1.9959625    0.032234781  -0.0057639181   0.0040175577     0.99865629
      1.0000000     -1.9959655    0.032211217  -0.0074485163   0.0040154050     0.99865714
      1.0000000     -1.9959661    0.032206099  -0.0061015115   0.0040190039     0.99865665
      1.0000000     -1.9959713    0.032164380  -0.0040324928   0.0040145671     0.99865826
      1.0000000     -1.9959773    0.032116741  -0.0019717801   0.0040074789     0.99866044
      1.0000000     -1.9959848    0.032057139  8.1250076E-05   0.0039996610     0.99866300
      1.0000000     -1.9959793    0.032100909 -4.7584461E-05   0.0040005918     0.99866192
      1.0000000     -1.9959784    0.032108176  0.00072617655   0.0040003893     0.99866181
      1.0000000     -1.9959805    0.032091247   0.0019841511   0.0039975440     0.99866264
      1.0000000     -1.9959796    0.032098504   0.0024502237   0.0039996146     0.99866214
      1.0000000     -1.9959810    0.032087681  0.00043007164   0.0039982886     0.99866259
      1.0000000     -1.9959823    0.032076901  0.00057164002   0.0039992249     0.99866266
      1.0000000     -1.9959792    0.032102122   0.0016858834   0.0040046541     0.99866122
      1.0000000     -1.9959798    0.032097337   0.0036957987   0.0040036992     0.99866148
      1.0000000     -1.9959826    0.032074666   0.0017328468   0.0040016306     0.99866230
      1.0000000     -1.9959824    0.032075912   0.0028098246   0.0040021769     0.99866218
      1.0000000     -1.9959830    0.032071209   0.0014714835   0.0040012328     0.99866244
      1.0000000     -1.9959859    0.032048726  0.00070625465   0.0039980666     0.99866344
      1.0000000     -1.9959879    0.032032254 -0.00031823917   0.0039986207     0.99866369
      1.0000000     -1.9959885    0.032027665  -0.0015744913   0.0039954684     0.99866432
      1.0000000     -1.9959957    0.031970017  -0.0021275919   0.0039890157     0.99866660
      1.0000000     -1.9959933    0.031989114  -0.0023374065   0.0039940008     0.99866537
      1.0000000     -1.9959799    0.032096248  -0.0023296447   0.0040099852     0.99866045
      1.0000000     -1.9959849    0.032056394  -0.0043002216   0.0040035381     0.99866237
      1.0000000     -1.9959906    0.032010847  -0.0047943827   0.0039978508     0.99866427
      1.0000000     -1.9959875    0.032035552  -0.0043895586   0.0040053385     0.99866250
      1.0000000     -1.9959917    0.032001880  -0.0048344249   0.0040003975     0.99866403
      1.0000000     -1.9959835    0.032067223  -0.0038476560   0.0040060199     0.99866172
      1.0000000     -1.9959841    0.032062647  -0.0018851827   0.0040029086     0.99866234
      1.0000000     -1.9959898    0.032017532 -0.00096547346   0.0039983669     0.99866404
      1.0000000     -1.9959925    0.031995723  -0.0015648609   0.0039963732     0.99866483
      1.0000000     -1.9959880    0.032031712 -0.00064935347   0.0040034122     0.99866290
      1.0000000     -1.9959893    0.032021481 -0.00024470646   0.0040021355     0.99866333
      1.0000000     -1.9959906    0.032011289  -0.0013856661   0.0040030244     0.99866340
      1.0000000     -1.9959911    0.032006874  -0.0033139814   0.0040031898     0.99866346
      1.0000000     -1.9959945    0.031979570  -0.0052366482   0.0039976201     0.99866496
      1.0000000     -1.9959886    0.032026675  -0.0053902918   0.0040074506     0.99866234
      1.0000000     -1.9959863    0.032045075  -0.0045733934   0.0040068867     0.99866204
      1.0000000     -1.9959933    0.031989385  -0.0064838224   0.0039995650     0.99866443
      1.0000000     -1.9959903    0.032013469  -0.0063612088   0.0040047127     0.99866307
      1.0000000     -1.9959887    0.032026117  -0.0067594310   0.0040027374     0.99866313
      1.0000000     -1.9959900    0.032016072  -0.0079085504   0.0039993562     0.99866391
      1.0000000     -1.9959820    0.032079520  -0.0094089281   0.0040080055     0.99866114
      1.0000000     -1.9959825    0.032075052   -0.010532362   0.0040039193     0.99866191
      1.0000000     -1.9959845    0.032059342   -0.011640229   0.0039991460     0.99866304
      1.0000000     -1.9959893    0.032021219  -0.0097251249   0.0039940439     0.99866469
      1.0000000     -1.9959941    0.031983239  -0.0079764923   0.0039900148     0.99866616
      1.0000000     -1.9959960    0.031967792  -0.0098173267   0.0039916056     0.99866621
      1.0000000     -1.9959993    0.031941229   -0.010770256   0.0039882937     0.99866732
      1.0000000     -1.9959943    0.031981679   -0.012093828   0.0039944100     0.99866546
      1.0000000     -1.9959913    0.032005281   -0.011787023   0.0040005070     0.99866394
      1.0000000     -1.9959870    0.032039904   -0.011542197   0.0040062307     0.99866226
      1.0000000     -1.9959882    0.032030040  -0.0096538994   0.0040049965     0.99866267
      1.0000000     -1.9959804    0.032092160  -0.0090123193   0.0040144977     0.99865979
      1.0000000     -1.9959810    0.032087759  -0.0081121021   0.0040156736     0.99865968
      1.0000000     -1.9959829    0.032072347  -0.0075736920   0.0040120122     0.99866062
      1.0000000     -1.9959765    0.032123035  -0.0075408184   0.0040248974     0.99865740
      1.0000000     -1.9959778    0.032113109  -0.0075785624   0.0040215754     0.99865817
      1.0000000     -1.9959811    0.032086769  -0.0064560816   0.0040172390     0.99865944
      1.0000000     -1.9959823    0.032076945  -0.0063866420   0.0040129148     0.99866037
      1.0000000     -1.9959856    0.032050769  -0.0071378226   0.0040086103     0.99866164
      1.0000000     -1.9959848    0.032057407  -0.0074362640   0.0040104626     0.99866119
      1.0000000     -1.9959798    0.032096679  -0.0071198262   0.0040204836     0.99865869
      1.0000000     -1.9959770    0.032119508  -0.0071667908   0.0040253667     0.99865740
      1.0000000     -1.9959836    0.032066329  -0.0073311612   0.0040183593     0.99865968
      1.0000000     -1.9959828    0.032072891  -0.0061110326   0.0040181459     0.99865958
      1.0000000     -1.9959840    0.032063218  -0.0073812537   0.0040169214     0.99865999
      1.0000000     -1.9959717    0.032161450  -0.0083556150   0.0040315561     0.99865549
      1.0000000     -1.9959750    0.032135501  -0.0070156069   0.0040272803     0.99865674
      1.0000000     -1.9959782    0.032109645  -0.0059534408   0.0040260496     0.99865749
      1.0000000     -1.9959767    0.032121433  -0.0044770352   0.0040281750     0.99865689
      1.0000000     -1.9959773    0.032117115  -0.0038962222   0.0040272777     0.99865713
      1.0000000     -1.9959765    0.032123502  -0.0044931007   0.0040290597     0.99865670
      1.0000000     -1.9959763    0.032124530  -0.0042391069   0.0040274944     0.99865694
      1.0000000     -1.9959742    0.032141532  -0.0026996822   0.0040319360     0.99865584
      1.0000000     -1.9959721    0.032158473  -0.0018234734   0.0040353627     0.99865491
      1.0000000     -1.9959706    0.032170047  -0.0012849040   0.0040384459     0.99865416
      1.0000000     -1.9959698    0.032176282  -0.0010946309   0.0040421829     0.99865340
      1.0000000     -1.9959757    0.032129618  -0.0028747131   0.0040366442     0.99865530
      1.0000000     -1.9959689    0.032183408  -0.0024024002   0.0040443281     0.99865289
      1.0000000     -1.9959649    0.032215931  -0.0018947334   0.0040486889     0.99865148
      1.0000000     -1.9959667    0.032201002 -0.00012030465   0.0040461262     0.99865222
      1.0000000     -1.9959712    0.032165125   0.0016485019   0.0040422618     0.99865362
      1.0000000     -1.9959692    0.032181785  0.00027725229   0.0040466067     0.99865255
      1.0000000     -1.9959658    0.032208850 -9.3239359E-05   0.0040486398     0.99865164
      1.0000000     -1.9959650    0.032214929 -0.00097237371   0.0040473991     0.99865172
      1.0000000     -1.9959675    0.032194920  -0.0011731729   0.0040435561     0.99865278
      1.0000000     -1.9959628    0.032232227  5.1109718E-05   0.0040491675     0.99865106
      1.0000000     -1.9959614    0.032243429 -0.00040180452   0.0040531380     0.99865017
      1.0000000     -1.9959665    0.032202731 -0.00023333889   0.0040489849     0.99865171
      1.0000000     -1.9959645    0.032219122  -0.0013694887   0.0040552107     0.99865033
      1.0000000     -1.9959540    0.032302638  -0.0012962425   0.0040626944     0.99864733
      1.0000000     -1.9959558    0.032287844 -0.00073003335   0.0040601564     0.99864806
      1.0000000     -1.9959519    0.032319451 -0.00070759778   0.0040643913     0.99864669
      1.0000000     -1.9959479    0.032350949  -0.0021663778   0.0040666792     0.99864565
      1.0000000     -1.9959498    0.032336148  -0.0038911233   0.0040622186     0.99864671
      1.0000000     -1.9959510    0.032326522  -0.0046550463   0.0040609815     0.99864711
      1.0000000     -1.9959503    0.032332273  -0.0059113988   0.0040607063     0.99864704
      1.0000000     -1.9959502    0.032332898  -0.0052384840   0.0040610729     0.99864697
      1.0000000     -1.9959463    0.032364101  -0.0048427893   0.0040623891     0.99864609
      1.0000000     -1.9959456    0.032369758  -0.0052142869   0.0040640252     0.99864570
      1.0000000     -1.9959461    0.032365236  -0.0056767906   0.0040640671     0.99864579
      1.0000000     -1.9959511    0.032325235  -0.0066420694   0.0040590349     0.99864747
      1.0000000     -1.9959536    0.032305618  -0.0061510639   0.0040552836     0.99864850
      1.0000000     -1.9959548    0.032296176  -0.0077014579   0.0040540751     0.99864890
      1.0000000     -1.9959585    0.032266586  -0.0060617601   0.0040516113     0.99864993
      1.0000000     -1.9959654    0.032211914  -0.0043536757   0.0040447449     0.99865223
      1.0000000     -1.9959684    0.032187595  -0.0030604389   0.0040407294     0.99865341
      1.0000000     -1.9959708    0.032168377  -0.0036042625   0.0040408136     0.99865380
      1.0000000     -1.9959732    0.032149224  -0.0019357127   0.0040408976     0.99865418
      1.0000000     -1.9959694    0.032180159  -0.0027702822   0.0040441035     0.99865300
      1.0000000     -1.9959674    0.032196008  -0.0026352505   0.0040473020     0.99865213
      1.0000000     -1.9959723    0.032156963  -0.0026750909   0.0040414456     0.99865393
      1.0000000     -1.9959747    0.032137958  -0.0030524295   0.0040368513     0.99865509
      1.0000000     -1.9959783    0.032109078  -0.0025042999   0.0040335197     0.99865626
      1.0000000     -1.9959782    0.032110059  -0.0026517095   0.0040329891     0.99865632
      1.0000000     -1.9959768    0.032120941  -0.0024689014   0.0040330785     0.99865608
      1.0000000     -1.9959804    0.032092234 -0.00079951601   0.0040297698     0.99865724
      1.0000000     -1.9959809    0.032088302  0.00060057511   0.0040280125     0.99865761
      1.0000000     -1.9959801    0.032094238   0.0014691040   0.0040287281     0.99865737
      1.0000000     -1.9959745    0.032139510   0.0023467917   0.0040337467     0.99865558
      1.0000000     -1.9959713    0.032164986   0.0038205522   0.0040365995     0.99865457
      1.0000000     -1.9959712    0.032165863   0.0048486797   0.0040360700     0.99865464
      1.0000000     -1.9959710    0.032166737   0.0036709414   0.0040355422     0.99865471
      1.0000000     -1.9959679    0.032192043   0.0029319456   0.0040374596     0.99865386
      1.0000000     -1.9959733    0.032148960   0.0029591179   0.0040323569     0.99865561
      1.0000000     -1.9959744    0.032140115   0.0023407879   0.0040330604     0.99865568
      1.0000000     -1.9959737    0.032145889   0.0020298024   0.0040328445     0.99865560
      1.0000000     -1.9959754    0.032132223   0.0019207615   0.0040341543     0.99865567
      1.0000000     -1.9959765    0.032123449   0.0025896807   0.0040321189     0.99865619
      1.0000000     -1.9959727    0.032153417   0.0015714982   0.0040352346     0.99865504
      1.0000000     -1.9959732    0.032149469   0.0024081314   0.0040353214     0.99865511
      1.0000000     -1.9959683    0.032188944   0.0026124621   0.0040353981     0.99865427
      1.0000000     -1.9959700    0.032175319   0.0020561159   0.0040330733     0.99865494
      1.0000000     -1.9959674    0.032195393   0.0017299618   0.0040373740     0.99865380
      1.0000000     -1.9959631    0.032229802   0.0021880203   0.0040398535     0.99865267
      1.0000000     -1.9959648    0.032216178   0.0013738742   0.0040366322     0.99865349
      1.0000000     -1.9959593    0.032260011   0.0026942269   0.0040432986     0.99865146
      1.0000000     -1.9959616    0.032241605   0.0027660272   0.0040397840     0.99865243
      1.0000000     -1.9959669    0.032199413   0.0020654615   0.0040338962     0.99865430
      1.0000000     -1.9959692    0.032181163   0.0010413069   0.0040330923     0.99865482
      1.0000000     -1.9959679    0.032191495  0.00042555058   0.0040340713     0.99865444
      1.0000000     -1.9959720    0.032159077   0.0010418466   0.0040297052     0.99865585
      1.0000000     -1.9959713    0.032164673   0.0011466389   0.0040303907     0.99865561
      1.0000000     -1.9959647    0.032217561  0.00068848931   0.0040411395     0.99865271
      1.0000000     -1.9959669    0.032199428  0.00038993768   0.0040385552     0.99865352
      1.0000000     -1.9959657    0.032209648   0.0010692551   0.0040395177     0.99865315
      1.0000000     -1.9959656    0.032210419   0.0017056401   0.0040398894     0.99865307
      1.0000000     -1.9959649    0.032215889   0.0026258713   0.0040396699     0.99865299
      1.0000000     -1.9959648    0.032216648   0.0035813336   0.0040391581     0.99865306
      1.0000000     -1.9959682    0.032189287   0.0040301711   0.0040342510     0.99865445
      1.0000000     -1.9959693    0.032180727   0.0025955357   0.0040322861     0.99865496
      1.0000000     -1.9959709    0.032167523   0.0012111503   0.0040291579     0.99865576
      1.0000000     -1.9959708    0.032168353   0.0013891035   0.0040277893     0.99865597
      1.0000000     -1.9959678    0.032192465   0.0017051611   0.0040296286     0.99865516
      1.0000000     -1.9959677    0.032193253   0.0011098999   0.0040291374     0.99865522
      1.0000000     -1.9959659    0.032207966 -0.00023232387   0.0040312617     0.99865456
      1.0000000     -1.9959675    0.032194822 -0.00015546468   0.0040307726     0.99865492
      1.0000000     -1.9959668    0.032200231  -0.0012096873   0.0040297011     0.99865498
      1.0000000     -1.9959667    0.032201002 -0.00096279195   0.0040309494     0.99865476
      1.0000000     -1.9959672    0.032197158  -0.0024034537   0.0040284381     0.99865526
      1.0000000     -1.9959671    0.032197931  -0.0019959139   0.0040314157     0.99865475
      1.0000000     -1.9959647    0.032217099  -0.0020850289   0.0040346680     0.99865380
      1.0000000     -1.9959687    0.032185696 -0.00084761831   0.0040295800     0.99865531
      1.0000000     -1.9959703    0.032172729  -0.0018127367   0.0040290988     0.99865566
      1.0000000     -1.9959690    0.032182691  -0.0017849469   0.0040309080     0.99865515
      1.0000000     -1.9959684    0.032188052  -0.0020314488   0.0040298494     0.99865521
      1.0000000     -1.9959700    0.032175141  -0.0015341658   0.0040285124     0.99865571
      1.0000000     -1.9959699    0.032175941  -0.0011117554   0.0040263201     0.99865606
      1.0000000     -1.9959686    0.032185837 -0.00041669712   0.0040289774     0.99865541
      1.0000000     -1.9959651    0.032213873 -0.00040650916   0.0040327607     0.99865419
      1.0000000     -1.9959633    0.032228217  -0.0019178616   0.0040305689     0.99865425
      1.0000000     -1.9959661    0.032206286  -0.0019935146   0.0040269735     0.99865531
      1.0000000     -1.9959683    0.032188944  -0.0018554031   0.0040236713     0.99865623
      1.0000000     -1.9959670    0.032198745  -0.0030034816   0.0040254639     0.99865572
      1.0000000     -1.9959703    0.032172450  -0.0033849387   0.0040224584     0.99865677
      1.0000000     -1.9959634    0.032227260  -0.0027053954   0.0040295947     0.99865443
      1.0000000     -1.9959656    0.032209991  -0.0026750660   0.0040263085     0.99865535
      1.0000000     -1.9959599    0.032255603  -0.0019043102   0.0040328572     0.99865330
      1.0000000     -1.9959531    0.032310038  -0.0013860051   0.0040357350     0.99865167
      1.0000000     -1.9959535    0.032306145 -0.00077380170   0.0040358146     0.99865174
      1.0000000     -1.9959540    0.032302264  0.00042865057   0.0040342150     0.99865209
      1.0000000     -1.9959562    0.032285012  7.2500686E-05   0.0040326231     0.99865272
      1.0000000     -1.9959539    0.032303445 -0.00044427339   0.0040340970     0.99865209
      1.0000000     -1.9959488    0.032344058  -0.0012360722   0.0040394617     0.99865034
      1.0000000     -1.9959493    0.032340143  -0.0023731391   0.0040395352     0.99865041
      1.0000000     -1.9959487    0.032345108  -0.0021974931   0.0040393286     0.99865034
      1.0000000     -1.9959491    0.032341204  -0.0019850024   0.0040377380     0.99865069
      1.0000000     -1.9959485    0.032346152  -0.0032042284   0.0040375348     0.99865062
      1.0000000     -1.9959501    0.032333429  -0.0046853393   0.0040370597     0.99865096
      1.0000000     -1.9959506    0.032329560  -0.0050140290   0.0040346512     0.99865145
      1.0000000     -1.9959533    0.032308097  -0.0045035142   0.0040311511     0.99865248
      1.0000000     -1.9959543    0.032299881  -0.0052575770   0.0040309619     0.99865268
      1.0000000     -1.9959576    0.032274138  -0.0066185282   0.0040263791     0.99865399
      1.0000000     -1.9959575    0.032274760  -0.0065940414   0.0040283912     0.99865364
      1.0000000     -1.9959591    0.032262255  -0.0063454501   0.0040262893     0.99865425
      1.0000000     -1.9959606    0.032249787  -0.0050893906   0.0040233726     0.99865500
      1.0000000     -1.9959644    0.032219906  -0.0038850685   0.0040201952     0.99865616
      1.0000000     -1.9959654    0.032211892  -0.0035902974   0.0040200237     0.99865635
      1.0000000     -1.9959664    0.032203902  -0.0035071065   0.0040182179     0.99865682
      1.0000000     -1.9959663    0.032204622  -0.0048082951   0.0040194081     0.99865661
      1.0000000     -1.9959629    0.032231360  -0.0061466375   0.0040246639     0.99865517
      1.0000000     -1.9959667    0.032201724  -0.0050353006   0.0040223216     0.99865618
      1.0000000     -1.9959671    0.032198119  -0.0057678135   0.0040216055     0.99865638
      1.0000000     -1.9959632    0.032229069  -0.0062203230   0.0040271046     0.99865481
      1.0000000     -1.9959637    0.032225435  -0.0058453393   0.0040263836     0.99865501
      1.0000000     -1.9959652    0.032213201  -0.0054410495   0.0040243182     0.99865561
      1.0000000     -1.9959678    0.032192404  -0.0046949022   0.0040225301     0.99865634
      1.0000000     -1.9959650    0.032214596  -0.0047772768   0.0040258467     0.99865533
      1.0000000     -1.9959676    0.032193858  -0.0061640803   0.0040232559     0.99865619
      1.0000000     -1.9959665    0.032203143  -0.0053501454   0.0040233472     0.99865598
      1.0000000     -1.9959648    0.032216675  -0.0051226232   0.0040253115     0.99865537
      1.0000000     -1.9959642    0.032221632  -0.0048861134   0.0040283415     0.99865476
      1.0000000     -1.9959630    0.032230837  -0.0054093276   0.0040292260     0.99865442
      1.0000000     -1.9959565    0.032282574  -0.0053836728   0.0040399624     0.99865154
      1.0000000     -1.9959522    0.032317164  -0.0052762173   0.0040432179     0.99865028
      1.0000000     -1.9959537    0.032304974  -0.0055694658   0.0040419555     0.99865074
      1.0000000     -1.9959536    0.032305532  -0.0063009254   0.0040406938     0.99865094
      1.0000000     -1.9959504    0.032331477  -0.0067124351   0.0040442013     0.99864981
      1.0000000     -1.9959540    0.032302417  -0.0052792999   0.0040418879     0.99865081
      1.0000000     -1.9959513    0.032324074  -0.0044409980   0.0040443274     0.99864995
      1.0000000     -1.9959475    0.032354096  -0.0036075896   0.0040496614     0.99864843
      1.0000000     -1.9959517    0.032320919  -0.0030462656   0.0040462968     0.99864968
      1.0000000     -1.9959516    0.032321450  -0.0029764290   0.0040466188     0.99864962
      1.0000000     -1.9959484    0.032347153  -0.0027723773   0.0040524536     0.99864811
      1.0000000     -1.9959473    0.032356024  -0.0039771245   0.0040540764     0.99864765
      1.0000000     -1.9959462    0.032364870  -0.0033143437   0.0040541221     0.99864746
      1.0000000     -1.9959393    0.032419649  -0.0036400271   0.0040641023     0.99864464
      1.0000000     -1.9959403    0.032411693  -0.0035516503   0.0040615242     0.99864524
      1.0000000     -1.9959434    0.032387094  -0.0037347733   0.0040571303     0.99864649
      1.0000000     -1.9959465    0.032362564  -0.0029081759   0.0040550941     0.99864734
      1.0000000     -1.9959391    0.032421194  -0.0030013495   0.0040629342     0.99864480
      1.0000000     -1.9959359    0.032446469  -0.0024036834   0.0040663418     0.99864371
      1.0000000     -1.9959374    0.032434388  -0.0035554468   0.0040658556     0.99864404
      1.0000000     -1.9959384    0.032426478  -0.0038184200   0.0040632966     0.99864463
      1.0000000     -1.9959394    0.032418590  -0.0027668484   0.0040615212     0.99864509
      1.0000000     -1.9959409    0.032406598  -0.0013739920   0.0040610437     0.99864543
      1.0000000     -1.9959424    0.032394640  -0.0022263072   0.0040605676     0.99864576
      1.0000000     -1.9959460    0.032366257  -0.0020195125   0.0040559731     0.99864712
      1.0000000     -1.9959465    0.032362605  -0.0025294025   0.0040567902     0.99864706
      1.0000000     -1.9959464    0.032363065  -0.0037908514   0.0040594033     0.99864661
      1.0000000     -1.9959505    0.032330747  -0.0042214233   0.0040553436     0.99864797
      1.0000000     -1.9959478    0.032351707  -0.0041516677   0.0040569216     0.99864726
      1.0000000     -1.9959478    0.032352181  -0.0040447971   0.0040556845     0.99864746
      1.0000000     -1.9959477    0.032352653  -0.0035051072   0.0040536840     0.99864778
      1.0000000     -1.9959487    0.032344974  -0.0023917004   0.0040534775     0.99864798
      1.0000000     -1.9959450    0.032373938  -0.0019058074   0.0040540280     0.99864728
      1.0000000     -1.9959480    0.032349998  -0.0021881598   0.0040512799     0.99864824
      1.0000000     -1.9959414    0.032403223  -0.0024371443   0.0040602148     0.99864563
      1.0000000     -1.9959337    0.032464407  -0.0027570351   0.0040688694     0.99864291
      1.0000000     -1.9959372    0.032436395  -0.0013897791   0.0040658598     0.99864400
      1.0000000     -1.9959366    0.032440789  -0.0020817652   0.0040648762     0.99864407
      1.0000000     -1.9959412    0.032404813  -0.0034390972   0.0040606180     0.99864553
      1.0000000     -1.9959436    0.032385056  -0.0033571569   0.0040573775     0.99864649
      1.0000000     -1.9959476    0.032353278  -0.0040864688   0.0040526358     0.99864795
      1.0000000     -1.9959476    0.032353742  -0.0042242018   0.0040521800     0.99864801
      1.0000000     -1.9959500    0.032334134  -0.0036551225   0.0040489641     0.99864896
      1.0000000     -1.9959520    0.032318588  -0.0043556680   0.0040452537     0.99864991
      1.0000000     -1.9959539    0.032303084  -0.0034456667   0.0040423057     0.99865072
      1.0000000     -1.9959544    0.032299615  -0.0047702924   0.0040431192     0.99865066
      1.0000000     -1.9959538    0.032304140  -0.0060329769   0.0040459295     0.99865010
      1.0000000     -1.9959582    0.032268782  -0.0070609553   0.0040409989     0.99865166
      1.0000000     -1.9959587    0.032265373  -0.0072603657   0.0040410627     0.99865172
      1.0000000     -1.9959631    0.032230162  -0.0085908664   0.0040361519     0.99865328
      1.0000000     -1.9959600    0.032254612  -0.0082554093   0.0040401957     0.99865209
      1.0000000     -1.9959594    0.032259167  -0.0091809730   0.0040429911     0.99865153
      1.0000000     -1.9959574    0.032275591  -0.0087639812   0.0040457764     0.99865072
      1.0000000     -1.9959568    0.032280106  -0.0096737404   0.0040470703     0.99865041
      1.0000000     -1.9959582    0.032268809   -0.010691131   0.0040444057     0.99865109
      1.0000000     -1.9959512    0.032324601   -0.010087520   0.0040518638     0.99864868
      1.0000000     -1.9959522    0.032317215   -0.011400415   0.0040494457     0.99864924
      1.0000000     -1.9959536    0.032305914   -0.011981519   0.0040475278     0.99864979
      1.0000000     -1.9959525    0.032314288   -0.012627778   0.0040468411     0.99864973
      1.0000000     -1.9959530    0.032310868   -0.012468876   0.0040461589     0.99864992
      1.0000000     -1.9959563    0.032283946   -0.012281132   0.0040425382     0.99865109
      1.0000000     -1.9959543    0.032300142   -0.011992212   0.0040452910     0.99865029
      1.0000000     -1.9959533    0.032308480   -0.011692649   0.0040468142     0.99864986
      1.0000000     -1.9959532    0.032308989   -0.012250411   0.0040463792     0.99864992
      1.0000000     -1.9959565    0.032282211   -0.012285560   0.0040427773     0.99865108
      1.0000000     -1.9959604    0.032251610   -0.013581163   0.0040382103     0.99865249
      1.0000000     -1.9959637    0.032224977   -0.014873247   0.0040353591     0.99865352
      1.0000000     -1.9959671    0.032198414   -0.016161949   0.0040325153     0.99865455
      1.0000000     -1.9959655    0.032210696   -0.015020270   0.0040350140     0.99865388
      1.0000000     -1.9959674    0.032195839   -0.015146228   0.0040336310     0.99865442
      1.0000000     -1.9959625    0.032235165   -0.015993160   0.0040399919     0.99865253
      1.0000000     -1.9959575    0.032274389   -0.016139459   0.0040441586     0.99865102
      1.0000000     -1.9959541    0.032301939   -0.015502408   0.0040490420     0.99864962
      1.0000000     -1.9959545    0.032298597   -0.015815170   0.0040476453     0.99864993
      1.0000000     -1.9959554    0.032291417   -0.015548147   0.0040452892     0.99865047
      1.0000000     -1.9959544    0.032299625   -0.016595839   0.0040460646     0.99865017
      1.0000000     -1.9959514    0.032323162   -0.016731261   0.0040492385     0.99864915
      1.0000000     -1.9959528    0.032312145   -0.018000552   0.0040466502     0.99864981
      1.0000000     -1.9959566    0.032282020   -0.018353350   0.0040435934     0.99865095
      1.0000000     -1.9959546    0.032297843   -0.018118240   0.0040434075     0.99865065
      1.0000000     -1.9959569    0.032279266   -0.016809358   0.0040425124     0.99865119
      1.0000000     -1.9959597    0.032256924   -0.017738842   0.0040392321     0.99865220
      1.0000000     -1.9959611    0.032246063   -0.017463728   0.0040373889     0.99865274
      1.0000000     -1.9959610    0.032246639   -0.017468784   0.0040384065     0.99865256
      1.0000000     -1.9959605    0.032251012   -0.018336411   0.0040403723     0.99865214
      1.0000000     -1.9959623    0.032236407   -0.017807596   0.0040375851     0.99865291
      1.0000000     -1.9959637    0.032225627   -0.018267584   0.0040364653     0.99865332
      1.0000000     -1.9959645    0.032218659   -0.018374399   0.0040355845     0.99865361
      1.0000000     -1.9959668    0.032200372   -0.017803923   0.0040318680     0.99865462
      1.0000000     -1.9959648    0.032216098   -0.017076576   0.0040331179     0.99865408
      1.0000000     -1.9959600    0.032254400   -0.016683642   0.0040371927     0.99865260
      1.0000000     -1.9959623    0.032236137   -0.017195408   0.0040334884     0.99865360
      1.0000000     -1.9959599    0.032255518   -0.017676503   0.0040370856     0.99865259
      1.0000000     -1.9959617    0.032241055   -0.016593660   0.0040350364     0.99865324
      1.0000000     -1.9959565    0.032282881   -0.016535145   0.0040386176     0.99865176
      1.0000000     -1.9959550    0.032294638   -0.016200727   0.0040410234     0.99865111
      1.0000000     -1.9959563    0.032283921   -0.015090624   0.0040378045     0.99865188
      1.0000000     -1.9959610    0.032247080   -0.013812290   0.0040329614     0.99865346
      1.0000000     -1.9959623    0.032236450   -0.012796728   0.0040311631     0.99865398
      1.0000000     -1.9959608    0.032248206   -0.013686031   0.0040300646     0.99865392
      1.0000000     -1.9959635    0.032226436   -0.014384849   0.0040275776     0.99865479
      1.0000000     -1.9959583    0.032267913   -0.014780879   0.0040332324     0.99865298
      1.0000000     -1.9959587    0.032264736   -0.014903915   0.0040339993     0.99865291
      1.0000000     -1.9959550    0.032294938   -0.015498883   0.0040368471     0.99865181
      1.0000000     -1.9959567    0.032280624   -0.015489643   0.0040334345     0.99865268
      1.0000000     -1.9959581    0.032270045   -0.016288393   0.0040323464     0.99865308
      1.0000000     -1.9959585    0.032266881   -0.016927980   0.0040317221     0.99865325
      1.0000000     -1.9959616    0.032241587   -0.015663955   0.0040283310     0.99865435
      1.0000000     -1.9959546    0.032297425   -0.016542875   0.0040348557     0.99865209
      1.0000000     -1.9959564    0.032283197   -0.016814163   0.0040328499     0.99865272
      1.0000000     -1.9959564    0.032283708   -0.016298195   0.0040317668     0.99865289
      1.0000000     -1.9959522    0.032317259   -0.016033010   0.0040361982     0.99865145
      1.0000000     -1.9959512    0.032325059   -0.016619734   0.0040376385     0.99865104
      1.0000000     -1.9959525    0.032314530   -0.017362088   0.0040379324     0.99865121
      1.0000000     -1.9959492    0.032340603   -0.017924494   0.0040405085     0.99865024
      1.0000000     -1.9959505    0.032330081   -0.018724622   0.0040407981     0.99865041
      1.0000000     -1.9959523    0.032315936   -0.019096101   0.0040381166     0.99865115
      1.0000000     -1.9959550    0.032294537   -0.018810567   0.0040349868     0.99865212
      1.0000000     -1.9959527    0.032313227   -0.018281455   0.0040357315     0.99865161
      1.0000000     -1.9959517    0.032320966   -0.018018379   0.0040357938     0.99865144
      1.0000000     -1.9959507    0.032328686   -0.018162766   0.0040365382     0.99865115
      1.0000000     -1.9959520    0.032318255   -0.017261923   0.0040347861     0.99865166
      1.0000000     -1.9959551    0.032293362   -0.018360590   0.0040314534     0.99865274
      1.0000000     -1.9959574    0.032275765   -0.017413803   0.0040292602     0.99865347
      1.0000000     -1.9959564    0.032283502   -0.016940934   0.0040293299     0.99865330
      1.0000000     -1.9959568    0.032280394   -0.015894346   0.0040287238     0.99865347
      1.0000000     -1.9959590    0.032262877   -0.016207752   0.0040265419     0.99865420
      1.0000000     -1.9959594    0.032259802   -0.015820413   0.0040245876     0.99865459
      1.0000000     -1.9959593    0.032260330   -0.016134615   0.0040289437     0.99865385
      1.0000000     -1.9959565    0.032282404   -0.015918790   0.0040326095     0.99865278
      1.0000000     -1.9959614    0.032243448   -0.017108731   0.0040277421     0.99865440
      1.0000000     -1.9959613    0.032243993   -0.016640565   0.0040280391     0.99865434
      1.0000000     -1.9959635    0.032226647   -0.015716798   0.0040265463     0.99865496
      1.0000000     -1.9959603    0.032252229   -0.015904983   0.0040304204     0.99865377
      1.0000000     -1.9959634    0.032227775   -0.014683146   0.0040278118     0.99865472
      1.0000000     -1.9959647    0.032217641   -0.014450373   0.0040267697     0.99865511
      1.0000000     -1.9959628    0.032232459   -0.015478194   0.0040272860     0.99865471
      1.0000000     -1.9959636    0.032225900   -0.016100225   0.0040264690     0.99865499
      1.0000000     -1.9959631    0.032230015   -0.016239227   0.0040296572     0.99865437
      1.0000000     -1.9959595    0.032258958   -0.016915528   0.0040330545     0.99865319
      1.0000000     -1.9959603    0.032252391   -0.017347016   0.0040322335     0.99865347
      1.0000000     -1.9959576    0.032274159   -0.017463707   0.0040351777     0.99865252
      1.0000000     -1.9959557    0.032288803   -0.017705034   0.0040390023     0.99865157
      1.0000000     -1.9959530    0.032310476   -0.017120852   0.0040439223     0.99865030
      1.0000000     -1.9959529    0.032310933   -0.017421553   0.0040441955     0.99865024
      1.0000000     -1.9959555    0.032290252   -0.017119316   0.0040418246     0.99865107
      1.0000000     -1.9959572    0.032276657   -0.016970823   0.0040398986     0.99865168
      1.0000000     -1.9959598    0.032256065   -0.015767645   0.0040368779     0.99865262
      1.0000000     -1.9959606    0.032249564   -0.016128226   0.0040354005     0.99865300
      1.0000000     -1.9959593    0.032260610   -0.017288664   0.0040369976     0.99865250
      1.0000000     -1.9959579    0.032271630   -0.017564950   0.0040379328     0.99865211
      1.0000000     -1.9959561    0.032286122   -0.017271158   0.0040423710     0.99865107
      1.0000000     -1.9959578    0.032272629   -0.017590008   0.0040398014     0.99865178
      1.0000000     -1.9959546    0.032297555   -0.017048421   0.0040409454     0.99865107
      1.0000000     -1.9959554    0.032291051   -0.017779989   0.0040401287     0.99865134
      1.0000000     -1.9959519    0.032319379   -0.017749616   0.0040434498     0.99865019
      1.0000000     -1.9959523    0.032316342   -0.017179086   0.0040448097     0.99865003
      1.0000000     -1.9959544    0.032299418   -0.016966498   0.0040426882     0.99865074
      1.0000000     -1.9959513    0.032324167   -0.017811002   0.0040457782     0.99864970
      1.0000000     -1.9959538    0.032303809   -0.018211208   0.0040440954     0.99865041
      1.0000000     -1.9959542    0.032300804   -0.019315006   0.0040434968     0.99865057
      1.0000000     -1.9959542    0.032301264   -0.019322109   0.0040424657     0.99865073
      1.0000000     -1.9959558    0.032287910   -0.018356511   0.0040412237     0.99865122
      1.0000000     -1.9959571    0.032278036   -0.017733424   0.0040395518     0.99865171
      1.0000000     -1.9959605    0.032250959   -0.017132108   0.0040361611     0.99865284
      1.0000000     -1.9959595    0.032258357   -0.016618567   0.0040375129     0.99865246
      1.0000000     -1.9959621    0.032238240   -0.015834217   0.0040345614     0.99865338
      1.0000000     -1.9959629    0.032231902   -0.015791760   0.0040324740     0.99865386
      1.0000000     -1.9959598    0.032256443   -0.014862442   0.0040336067     0.99865315
      1.0000000     -1.9959614    0.032243249   -0.015015631   0.0040304539     0.99865396
      1.0000000     -1.9959635    0.032226663   -0.015442003   0.0040277378     0.99865476
      1.0000000     -1.9959592    0.032261378   -0.015256613   0.0040365764     0.99865255
      1.0000000     -1.9959574    0.032275532   -0.016247996   0.0040370600     0.99865218
      1.0000000     -1.9959539    0.032303291   -0.015863759   0.0040415974     0.99865084
      1.0000000     -1.9959543    0.032300336   -0.015276729   0.0040410113     0.99865100
      1.0000000     -1.9959555    0.032290583   -0.014506283   0.0040406411     0.99865126
      1.0000000     -1.9959567    0.032280853   -0.014801090   0.0040396333     0.99865164
      1.0000000     -1.9959562    0.032284722   -0.014845602   0.0040394751     0.99865158
      1.0000000     -1.9959566    0.032281801   -0.014779917   0.0040382570     0.99865185
      1.0000000     -1.9959519    0.032319522   -0.014568076   0.0040440324     0.99865009
      1.0000000     -1.9959527    0.032313186   -0.014756294   0.0040445076     0.99865014
      1.0000000     -1.9959522    0.032316999   -0.014444466   0.0040443446     0.99865009
      1.0000000     -1.9959487    0.032344427   -0.014418398   0.0040462906     0.99864919
      1.0000000     -1.9959504    0.032331343   -0.013842610   0.0040444405     0.99864977
      1.0000000     -1.9959465    0.032362059   -0.014133591   0.0040497557     0.99864824
      1.0000000     -1.9959473    0.032355711   -0.013011323   0.0040495898     0.99864840
      1.0000000     -1.9959456    0.032369533   -0.012388067   0.0040506823     0.99864793
      1.0000000     -1.9959464    0.032363190   -0.012089353   0.0040498850     0.99864820
      1.0000000     -1.9959463    0.032363566   -0.012385628   0.0040488781     0.99864836
      1.0000000     -1.9959463    0.032363940   -0.012443504   0.0040497610     0.99864820
      1.0000000     -1.9959462    0.032364314   -0.012209326   0.0040518988     0.99864784
      1.0000000     -1.9959475    0.032354665   -0.013182824   0.0040496398     0.99864842
      1.0000000     -1.9959441    0.032381742   -0.012758213   0.0040521850     0.99864743
      1.0000000     -1.9959423    0.032395426   -0.012779435   0.0040526396     0.99864706
      1.0000000     -1.9959331    0.032469005   -0.013556388   0.0040649667     0.99864346
      1.0000000     -1.9959314    0.032482561   -0.014478203   0.0040666558     0.99864290
      1.0000000     -1.9959314    0.032482799   -0.015022421   0.0040668877     0.99864285
      1.0000000     -1.9959330    0.032469765   -0.014110992   0.0040650435     0.99864343
      1.0000000     -1.9959346    0.032456760   -0.013357592   0.0040632035     0.99864401
      1.0000000     -1.9959338    0.032463647   -0.014401726   0.0040638516     0.99864376
      1.0000000     -1.9959362    0.032444064   -0.014078325   0.0040609828     0.99864465
      1.0000000     -1.9959362    0.032444344   -0.013562239   0.0040593574     0.99864492
      1.0000000     -1.9959374    0.032434725   -0.013544565   0.0040571177     0.99864549
      1.0000000     -1.9959361    0.032444902   -0.013605940   0.0040585949     0.99864503
      1.0000000     -1.9959361    0.032445180   -0.013393532   0.0040606896     0.99864468
      1.0000000     -1.9959373    0.032435592   -0.013100387   0.0040621640     0.99864463
      1.0000000     -1.9959385    0.032426025   -0.013659997   0.0040617832     0.99864490
      1.0000000     -1.9959405    0.032409916   -0.013717061   0.0040591436     0.99864567
      1.0000000     -1.9959376    0.032433175   -0.014693232   0.0040626606     0.99864460
      1.0000000     -1.9959355    0.032449835   -0.014040898   0.0040663763     0.99864363
      1.0000000     -1.9959334    0.032466458   -0.012925242   0.0040682401     0.99864297
      1.0000000     -1.9959354    0.032450376   -0.013596155   0.0040662190     0.99864364
      1.0000000     -1.9959342    0.032460435   -0.013791206   0.0040688980     0.99864299
      1.0000000     -1.9959317    0.032480251   -0.014335934   0.0040721814     0.99864202
      1.0000000     -1.9959313    0.032483744   -0.013787697   0.0040726058     0.99864188
      1.0000000     -1.9959349    0.032454703   -0.014868560   0.0040691656     0.99864306
      1.0000000     -1.9959324    0.032474460   -0.015163001   0.0040724379     0.99864210
      1.0000000     -1.9959328    0.032471457   -0.016012499   0.0040718456     0.99864226
      1.0000000     -1.9959332    0.032468460   -0.015699193   0.0040730823     0.99864212
      1.0000000     -1.9959315    0.032481660   -0.015933032   0.0040747183     0.99864157
      1.0000000     -1.9959286    0.032504537   -0.016258117   0.0040787801     0.99864041
      1.0000000     -1.9959298    0.032495051   -0.016986935   0.0040765657     0.99864098
      1.0000000     -1.9959302    0.032492041   -0.016946574   0.0040777919     0.99864084
      1.0000000     -1.9959298    0.032495487   -0.016422311   0.0040782060     0.99864070
      1.0000000     -1.9959293    0.032498924   -0.016541616   0.0040780140     0.99864066
      1.0000000     -1.9959326    0.032473400   -0.017607971   0.0040742014     0.99864183
      1.0000000     -1.9959317    0.032480068   -0.017451450   0.0040772344     0.99864118
      1.0000000     -1.9959329    0.032470670   -0.018014887   0.0040762426     0.99864155
      1.0000000     -1.9959341    0.032461292   -0.018996297   0.0040752530     0.99864191
      1.0000000     -1.9959344    0.032458342   -0.018771037   0.0040746653     0.99864207
      1.0000000     -1.9959364    0.032442598   -0.018522468   0.0040726787     0.99864273
      1.0000000     -1.9959372    0.032436478   -0.017839849   0.0040712949     0.99864309
      1.0000000     -1.9959372    0.032436756   -0.017188255   0.0040733129     0.99864275
      1.0000000     -1.9959403    0.032411518   -0.017251139   0.0040695381     0.99864390
      1.0000000     -1.9959431    0.032389520   -0.016939787   0.0040665691     0.99864486
      1.0000000     -1.9959454    0.032370751   -0.016876772   0.0040644032     0.99864562
      1.0000000     -1.9959454    0.032371099   -0.017104589   0.0040634325     0.99864577
      1.0000000     -1.9959469    0.032358743   -0.017527337   0.0040622679     0.99864622
      1.0000000     -1.9959485    0.032346412   -0.018130851   0.0040605095     0.99864678
      1.0000000     -1.9959457    0.032368969   -0.017935373   0.0040627175     0.99864593
      1.0000000     -1.9959440    0.032381981   -0.018886618   0.0040661126     0.99864510
      1.0000000     -1.9959464    0.032363341   -0.019873838   0.0040633668     0.99864594
      1.0000000     -1.9959459    0.032366853   -0.019432200   0.0040649752     0.99864560
      1.0000000     -1.9959463    0.032364047   -0.019525000   0.0040638142     0.99864585
      1.0000000     -1.9959482    0.032348638   -0.019138181   0.0040612763     0.99864660
      1.0000000     -1.9959501    0.032333261   -0.018580360   0.0040605191     0.99864705
      1.0000000     -1.9959544    0.032299043   -0.019621102   0.0040562209     0.99864848
      1.0000000     -1.9959544    0.032299462   -0.019650010   0.0040558607     0.99864854
      1.0000000     -1.9959559    0.032287325   -0.019413813   0.0040541277     0.99864908
      1.0000000     -1.9959527    0.032312842   -0.019146042   0.0040571040     0.99864805
      1.0000000     -1.9959530    0.032310114   -0.018071824   0.0040571372     0.99864810
      1.0000000     -1.9959502    0.032332424   -0.018107938   0.0040587327     0.99864737
      1.0000000     -1.9959533    0.032307800   -0.017993722   0.0040556363     0.99864840
      1.0000000     -1.9959564    0.032283228   -0.019027021   0.0040525463     0.99864943
      1.0000000     -1.9959583    0.032268066   -0.019313937   0.0040506331     0.99865007
      1.0000000     -1.9959591    0.032262283   -0.018763746   0.0040498928     0.99865031
      1.0000000     -1.9959606    0.032250286   -0.019122511   0.0040493505     0.99865065
      1.0000000     -1.9959613    0.032244534   -0.019675845   0.0040480289     0.99865099
      1.0000000     -1.9959585    0.032266749   -0.019295221   0.0040496222     0.99865026
      1.0000000     -1.9959596    0.032257889   -0.019454276   0.0040486925     0.99865060
      1.0000000     -1.9959588    0.032264545   -0.019620973   0.0040493145     0.99865036
      1.0000000     -1.9959583    0.032268092   -0.019897788   0.0040497420     0.99865022
      1.0000000     -1.9959555    0.032290189   -0.019155052   0.0040519082     0.99864939
      1.0000000     -1.9959586    0.032265892   -0.019869714   0.0040482736     0.99865051
      1.0000000     -1.9959589    0.032263252   -0.020652429   0.0040477354     0.99865065
      1.0000000     -1.9959573    0.032276035   -0.020446649   0.0040510580     0.99864983
      1.0000000     -1.9959538    0.032304194   -0.019587740   0.0040570715     0.99864823
      1.0000000     -1.9959506    0.032329217   -0.019679323   0.0040576761     0.99864761
      1.0000000     -1.9959467    0.032360335   -0.019756249   0.0040609739     0.99864641
      1.0000000     -1.9959463    0.032363753   -0.019049103   0.0040619628     0.99864617
      1.0000000     -1.9959467    0.032361028   -0.019054237   0.0040608373     0.99864642
      1.0000000     -1.9959485    0.032346052   -0.018566773   0.0040595250     0.99864695
      1.0000000     -1.9959481    0.032349474   -0.018785823   0.0040599371     0.99864681
      1.0000000     -1.9959465    0.032362063   -0.018233433   0.0040586221     0.99864676
      1.0000000     -1.9959457    0.032368516   -0.019098342   0.0040580768     0.99864672
      1.0000000     -1.9959449    0.032374956   -0.018764804   0.0040581060     0.99864658
      1.0000000     -1.9959456    0.032369188   -0.018321754   0.0040585199     0.99864663
      1.0000000     -1.9959483    0.032348204   -0.018326068   0.0040551209     0.99864764
      1.0000000     -1.9959486    0.032345518   -0.017757508   0.0040557269     0.99864759
      1.0000000     -1.9959505    0.032330680   -0.018306062   0.0040544306     0.99864812
      1.0000000     -1.9959538    0.032303727   -0.017726587   0.0040506672     0.99864931
      1.0000000     -1.9959530    0.032310194   -0.017483387   0.0040512738     0.99864908
      1.0000000     -1.9959545    0.032298467   -0.017601006   0.0040484669     0.99864979
      1.0000000     -1.9959522    0.032317034   -0.017049098   0.0040515367     0.99864889
      1.0000000     -1.9959521    0.032317420   -0.016280191   0.0040517632     0.99864884
      1.0000000     -1.9959528    0.032311763   -0.017280805   0.0040510444     0.99864908
      1.0000000     -1.9959554    0.032291030   -0.018279951   0.0040488183     0.99864989
      1.0000000     -1.9959512    0.032324601   -0.018270360   0.0040562151     0.99864795
      1.0000000     -1.9959550    0.032294862   -0.017236772   0.0040528584     0.99864913
      1.0000000     -1.9959576    0.032274209   -0.017292826   0.0040500719     0.99865003
      1.0000000     -1.9959575    0.032274636   -0.018069792   0.0040514280     0.99864980
      1.0000000     -1.9959586    0.032266055   -0.017853671   0.0040510907     0.99865003
      1.0000000     -1.9959619    0.032239494   -0.018846553   0.0040473764     0.99865121
      1.0000000     -1.9959603    0.032251940   -0.018832310   0.0040483530     0.99865079
      1.0000000     -1.9959622    0.032237421   -0.018917559   0.0040465212     0.99865140
      1.0000000     -1.9959640    0.032222931   -0.018814045   0.0040458170     0.99865182
      1.0000000     -1.9959647    0.032217432   -0.019620966   0.0040445508     0.99865214
      1.0000000     -1.9959639    0.032223882   -0.019633999   0.0040457147     0.99865181
      1.0000000     -1.9959619    0.032239262   -0.019066573   0.0040474344     0.99865120
      1.0000000     -1.9959604    0.032251633   -0.018307687   0.0040489648     0.99865069
      1.0000000     -1.9959629    0.032231251   -0.018678056   0.0040456537     0.99865167
      1.0000000     -1.9959621    0.032237661   -0.018874588   0.0040456947     0.99865153
      1.0000000     -1.9959613    0.032244058   -0.019073429   0.0040474096     0.99865111
      1.0000000     -1.9959587    0.032265274   -0.019830603   0.0040500467     0.99865022
