T     E/N       E-var/TT       M/N       M-var/T       Mabs/N       
      2.4000000     -1.2268400      1.3824663   -0.035913500      8.9751198     0.43126050
      2.4000000     -1.2321515      1.4712886    -0.11133675      9.5136850     0.43821425
      2.4000000     -1.2359507      1.4636771    -0.11383633      9.4259629     0.44524367
      2.4000000     -1.2355897      1.4563380    -0.11892912      9.3830237     0.44691987
      2.4000000     -1.2387026      1.4453269    -0.10246450      9.3139162     0.45488590
      2.4000000     -1.2404590      1.4581277    -0.10809325      9.2702362     0.45912508
      2.4000000     -1.2414869      1.4607881   -0.062366857      9.3061133     0.45992171
      2.4000000     -1.2425365      1.4583242   -0.030884625      9.1627129     0.46275325
      2.4000000     -1.2406276      1.4465299   -0.033143056      9.0546779     0.45987094
      2.4000000     -1.2394363      1.4418588   -0.028263200      9.1104050     0.45630110
      2.4000000     -1.2389031      1.4280092   -0.027819273      8.9691240     0.45633236
      2.4000000     -1.2379985      1.4284960   -0.027694292      8.9710003     0.45517279
      2.4000000     -1.2379273      1.4240910   -0.043990462      8.9669841     0.45507738
      2.4000000     -1.2373696      1.4228872   -0.024939786      8.9762054     0.45367493
      2.4000000     -1.2367021      1.4242634   -0.013645900      9.0190330     0.45214090
      2.4000000     -1.2373555      1.4263301  -0.0030490625      9.0375157     0.45313737
      2.4000000     -1.2365752      1.4217927  -0.0033205882      9.0374936     0.45104435
      2.4000000     -1.2364988      1.4164256  0.00029238889      8.9959321     0.45171322
      2.4000000     -1.2367277      1.4162659   0.0019928684      8.9757644     0.45226461
      2.4000000     -1.2376485      1.4175223   0.0058938000      8.9406494     0.45433435
      2.4000000     -1.2367470      1.4111740   0.0070500238      8.8998294     0.45299193
      2.4000000     -1.2367939      1.4107605   0.0016812955      8.8875041     0.45338398
      2.4000000     -1.2367851      1.4063004  -0.0041860000      8.8424796     0.45386113
      2.4000000     -1.2371635      1.4071199   0.0070290417      8.8366995     0.45463429
      2.4000000     -1.2379912      1.4126097    0.010639860      8.8425218     0.45633894
      2.4000000     -1.2374699      1.4088038   0.0051844615      8.8552534     0.45505858
      2.4000000     -1.2364020      1.4056692   0.0050054074      8.8389367     0.45319500
      2.4000000     -1.2367070      1.4012657   0.0063682321      8.7886463     0.45411652
      2.4000000     -1.2364572      1.3985791   0.0059396379      8.7905097     0.45356643
      2.4000000     -1.2362082      1.3963024   0.0032089667      8.7909459     0.45287280
      2.4000000     -1.2361878      1.3962724   0.0011273387      8.7942661     0.45300915
      2.4000000     -1.2356875      1.3941994   0.0028663125      8.8168479     0.45144469
      2.4000000     -1.2359758      1.3991383   0.0020275152      8.8422722     0.45168064
      2.4000000     -1.2363023      1.4026225   0.0070882500      8.8532980     0.45236537
      2.4000000     -1.2362960      1.4014765   0.0027894143      8.8462421     0.45243410
      2.4000000     -1.2363115      1.4034892   0.0021001806      8.8712553     0.45214721
      2.4000000     -1.2362477      1.4033453  -0.0012872432      8.8541831     0.45234203
      2.4000000     -1.2353629      1.4024488 -0.00013161842      8.8595843     0.45070307
      2.4000000     -1.2352675      1.3993020  -0.0011859103      8.8371633     0.45076650
      2.4000000     -1.2355415      1.4020073  -0.0068045375      8.8624648     0.45084881
      2.4000000     -1.2355440      1.4029354  -0.0068855366      8.8670161     0.45071539
      2.4000000     -1.2354600      1.4045485  -0.0069710833      8.8743705     0.45037811
      2.4000000     -1.2354951      1.4041812  -0.0066194767      8.8667706     0.45054983
      2.4000000     -1.2353166      1.4027544  -0.0053404318      8.8716630     0.44999098
      2.4000000     -1.2354644      1.4056913  -0.0074359222      8.8861503     0.45025546
      2.4000000     -1.2353295      1.4068772  -0.0067202717      8.9079086     0.44979627
      2.4000000     -1.2353692      1.4065697  -0.0092741596      8.8922995     0.45013290
      2.4000000     -1.2355407      1.4053127  -0.0064528750      8.8759638     0.45055810
      2.4000000     -1.2354509      1.4035086  -0.0074386633      8.8658051     0.45048348
      2.4000000     -1.2355060      1.4057075  -0.0098462700      8.8716555     0.45067065
      2.4000000     -1.2355519      1.4074536  -0.0091148627      8.8871861     0.45057312
      2.4000000     -1.2355965      1.4075028  -0.0084869327      8.8933698     0.45055963
      2.4000000     -1.2353196      1.4057427  -0.0088196226      8.8865646     0.45000772
      2.4000000     -1.2349470      1.4050596   -0.012750148      8.8881965     0.44936174
      2.4000000     -1.2347848      1.4036449   -0.015238764      8.8781944     0.44903969
      2.4000000     -1.2345826      1.4035223   -0.017525536      8.8881009     0.44848387
      2.4000000     -1.2348589      1.4049775   -0.018705798      8.8923184     0.44894803
      2.4000000     -1.2354196      1.4057474   -0.016226862      8.8882637     0.45001659
      2.4000000     -1.2355385      1.4060182   -0.013604076      8.8840424     0.45021958
      2.4000000     -1.2354402      1.4075163   -0.011395350      8.8956820     0.44995238
      2.4000000     -1.2354959      1.4087439  -0.0094960656      8.8977583     0.45009238
      2.4000000     -1.2355417      1.4070406   -0.011540202      8.8833122     0.45013440
      2.4000000     -1.2356127      1.4060152   -0.014873175      8.8807734     0.45025613
      2.4000000     -1.2358575      1.4066607   -0.013093555      8.8906821     0.45056423
      2.4000000     -1.2358128      1.4065086   -0.012361469      8.8907839     0.45052768
      2.4000000     -1.2355402      1.4055988   -0.011652939      8.8917540     0.45002076
      2.4000000     -1.2352551      1.4047279  -0.0092140149      8.9041752     0.44925209
      2.4000000     -1.2352392      1.4043979  -0.0096271471      8.9038438     0.44925643
      2.4000000     -1.2350862      1.4032814   -0.010549558      8.8970814     0.44903662
      2.4000000     -1.2353595      1.4038518  -0.0095028929      8.8880906     0.44964518
      2.4000000     -1.2356525      1.4058202   -0.012421127      8.8935532     0.45016610
      2.4000000     -1.2355528      1.4076743   -0.011052264      8.8977857     0.44994629
      2.4000000     -1.2356197      1.4066603   -0.011079548      8.8856785     0.45020670
      2.4000000     -1.2356556      1.4080203   -0.010615980      8.8970256     0.45021634
      2.4000000     -1.2357200      1.4080688   -0.012097940      8.8942843     0.45033894
      2.4000000     -1.2357540      1.4075165   -0.012621401      8.8978903     0.45039778
      2.4000000     -1.2359018      1.4066976   -0.012768649      8.8924948     0.45077538
      2.4000000     -1.2358797      1.4061984   -0.013628750      8.8869273     0.45076278
      2.4000000     -1.2357464      1.4063178   -0.011530019      8.8926635     0.45054135
      2.4000000     -1.2357703      1.4056902   -0.011773969      8.8903750     0.45062328
      2.4000000     -1.2355850      1.4059918   -0.011320204      8.9012247     0.45015393
      2.4000000     -1.2357616      1.4071940   -0.011335555      8.9008113     0.45054804
      2.4000000     -1.2358447      1.4084676   -0.010233283      8.9118864     0.45066487
      2.4000000     -1.2357602      1.4081377  -0.0085206607      8.9065509     0.45055515
      2.4000000     -1.2355973      1.4078329  -0.0091844882      8.8995225     0.45037914
      2.4000000     -1.2356659      1.4073251  -0.0098167093      8.9049537     0.45039433
      2.4000000     -1.2359306      1.4086892  -0.0099652471      8.9043369     0.45100543
      2.4000000     -1.2360714      1.4101744   -0.010933642      8.9034336     0.45141435
      2.4000000     -1.2360354      1.4104447   -0.011544938      8.9025236     0.45141116
      2.4000000     -1.2358670      1.4094202   -0.011293683      8.9054332     0.45107647
      2.4000000     -1.2358775      1.4086887   -0.010799868      8.9007977     0.45116903
      2.4000000     -1.2358490      1.4094347   -0.011943690      8.9125286     0.45104979
      2.4000000     -1.2355677      1.4087315   -0.012113156      8.9221369     0.45032395
      2.4000000     -1.2354609      1.4075008   -0.012844569      8.9116290     0.45018576
      2.4000000     -1.2354968      1.4076861   -0.011755884      8.9120486     0.45031033
      2.4000000     -1.2353813      1.4076162   -0.010483057      8.9163270     0.45002597
      2.4000000     -1.2352964      1.4075554  -0.0090191907      8.9229137     0.44974127
      2.4000000     -1.2352709      1.4080883  -0.0082509235      8.9155786     0.44978377
      2.4000000     -1.2352559      1.4084314  -0.0084075859      8.9150849     0.44974053
      2.4000000     -1.2353436      1.4090905  -0.0099940800      8.9163920     0.44991964
      2.4000000     -1.2354493      1.4092189  -0.0092118713      8.9150078     0.45014447
      2.4000000     -1.2354232      1.4093405  -0.0091777941      8.9125866     0.45013666
      2.4000000     -1.2353879      1.4088844  -0.0088137524      8.9100896     0.45010093
      2.4000000     -1.2354472      1.4092506  -0.0071394808      8.9114821     0.45016551
      2.4000000     -1.2355088      1.4098302  -0.0070050000      8.9142796     0.45028249
      2.4000000     -1.2354598      1.4090784  -0.0068809292      8.9121373     0.45018105
      2.4000000     -1.2354552      1.4095148  -0.0087372430      8.9089524     0.45026641
      2.4000000     -1.2353959      1.4090889  -0.0092037037      8.9009111     0.45023569
      2.4000000     -1.2352807      1.4087757  -0.0092969817      8.9021674     0.44996228
      2.4000000     -1.2352285      1.4080557   -0.011119682      8.9012476     0.44982395
      2.4000000     -1.2351541      1.4084392   -0.011449347      8.9103647     0.44959661
      2.4000000     -1.2350158      1.4082345   -0.011952317      8.9129593     0.44925991
      2.4000000     -1.2350241      1.4081752   -0.012433588      8.9102232     0.44933989
      2.4000000     -1.2351802      1.4102618   -0.011438149      8.9189766     0.44970471
      2.4000000     -1.2352221      1.4098860   -0.011405835      8.9177143     0.44978834
      2.4000000     -1.2350623      1.4098318   -0.011183612      8.9216591     0.44937248
      2.4000000     -1.2350441      1.4096207   -0.011564812      8.9224423     0.44932313
      2.4000000     -1.2350042      1.4095110   -0.011058114      8.9208834     0.44918941
      2.4000000     -1.2349804      1.4098716   -0.011231811      8.9199527     0.44920044
      2.4000000     -1.2350751      1.4103932   -0.010431146      8.9142834     0.44941092
      2.4000000     -1.2351094      1.4109347   -0.011770471      8.9194345     0.44942010
      2.4000000     -1.2351390      1.4102394   -0.012779156      8.9149879     0.44947351
      2.4000000     -1.2352486      1.4105640   -0.013082569      8.9180854     0.44956115
      2.4000000     -1.2352968      1.4103924   -0.014760012      8.9174545     0.44967453
      2.4000000     -1.2352513      1.4101487   -0.013230504      8.9167232     0.44963317
      2.4000000     -1.2351877      1.4101284   -0.013756421      8.9198284     0.44944749
      2.4000000     -1.2351809      1.4104964   -0.012928874      8.9227228     0.44935887
      2.4000000     -1.2351484      1.4107595   -0.014056188      8.9297842     0.44923292
      2.4000000     -1.2350833      1.4109573   -0.014044829      8.9341237     0.44903826
      2.4000000     -1.2351342      1.4102533   -0.013933508      8.9281679     0.44913699
      2.4000000     -1.2353506      1.4117945   -0.016142214      8.9323816     0.44956401
      2.4000000     -1.2353780      1.4116121   -0.016666004      8.9297188     0.44963534
      2.4000000     -1.2353653      1.4111968   -0.016233726      8.9292559     0.44960516
      2.4000000     -1.2353475      1.4113134   -0.015750799      8.9311095     0.44957287
      2.4000000     -1.2353149      1.4104463   -0.016950919      8.9234563     0.44965669
      2.4000000     -1.2352751      1.4100279   -0.016155585      8.9193796     0.44962291
      2.4000000     -1.2352428      1.4102710   -0.016153190      8.9228238     0.44956293
      2.4000000     -1.2353412      1.4105183   -0.017731696      8.9253996     0.44972698
      2.4000000     -1.2355072      1.4109442   -0.017610669      8.9236715     0.45005586
      2.4000000     -1.2355737      1.4108243   -0.016727168      8.9249711     0.45015436
      2.4000000     -1.2355591      1.4109601   -0.017172199      8.9237454     0.45019579
      2.4000000     -1.2355656      1.4112671   -0.017131739      8.9280848     0.45013331
      2.4000000     -1.2354133      1.4115300   -0.017554213      8.9332233     0.44980796
      2.4000000     -1.2353130      1.4109870   -0.017151132      8.9318394     0.44967445
      2.4000000     -1.2353278      1.4113479   -0.016900134      8.9352652     0.44963520
      2.4000000     -1.2352637      1.4111573   -0.016490041      8.9371442     0.44950460
      2.4000000     -1.2352123      1.4108005   -0.016093605      8.9349520     0.44936225
      2.4000000     -1.2351732      1.4101718   -0.016387757      8.9313849     0.44933051
      2.4000000     -1.2351890      1.4108335   -0.016733872      8.9331389     0.44931296
      2.4000000     -1.2353319      1.4107024   -0.014837047      8.9307905     0.44962920
      2.4000000     -1.2353774      1.4110589   -0.014568368      8.9306887     0.44973392
      2.4000000     -1.2354470      1.4110815   -0.014052553      8.9311372     0.44980882
      2.4000000     -1.2353523      1.4107726   -0.014332131      8.9330799     0.44957115
      2.4000000     -1.2354070      1.4105696   -0.014592016      8.9314881     0.44973200
      2.4000000     -1.2353426      1.4098592   -0.015954390      8.9356716     0.44951572
      2.4000000     -1.2354066      1.4101485   -0.014952769      8.9322882     0.44968035
      2.4000000     -1.2354556      1.4104388   -0.014091019      8.9374537     0.44971669
      2.4000000     -1.2354339      1.4103531   -0.014637766      8.9355800     0.44968287
      2.4000000     -1.2353744      1.4100767   -0.015347403      8.9343613     0.44950878
      2.4000000     -1.2353390      1.4096851   -0.014310497      8.9335219     0.44946419
      2.4000000     -1.2353592      1.4099784   -0.014120152      8.9313504     0.44954251
      2.4000000     -1.2353322      1.4099728   -0.014819077      8.9327355     0.44948742
      2.4000000     -1.2353498      1.4103518   -0.013974567      8.9336609     0.44952359
      2.4000000     -1.2352876      1.4097502   -0.013526216      8.9310128     0.44940361
      2.4000000     -1.2352187      1.4094594   -0.013073503      8.9304483     0.44924167
      2.4000000     -1.2352292      1.4096513   -0.012912404      8.9281773     0.44933872
      2.4000000     -1.2352560      1.4103212   -0.013226626      8.9267641     0.44940369
      2.4000000     -1.2352789      1.4100587   -0.012436196      8.9252290     0.44945966
      2.4000000     -1.2353303      1.4100808   -0.013083172      8.9242052     0.44957140
      2.4000000     -1.2353598      1.4101265   -0.013506829      8.9229066     0.44966983
      2.4000000     -1.2354373      1.4100849   -0.013839810      8.9167931     0.44989338
      2.4000000     -1.2354643      1.4095817   -0.014366657      8.9109071     0.44998752
      2.4000000     -1.2354663      1.4092919   -0.013895315      8.9100555     0.44998687
      2.4000000     -1.2354869      1.4086709   -0.013910799      8.9052585     0.45004707
      2.4000000     -1.2354412      1.4089325   -0.013290880      8.9094636     0.44989747
      2.4000000     -1.2355662      1.4099747   -0.012258372      8.9100825     0.45020434
      2.4000000     -1.2355569      1.4098025   -0.011402314      8.9097618     0.45017760
      2.4000000     -1.2355486      1.4093651   -0.012279140      8.9074191     0.45018194
      2.4000000     -1.2355719      1.4096268   -0.012028584      8.9079565     0.45021715
      2.4000000     -1.2355155      1.4096083   -0.012486044      8.9109862     0.45002124
      2.4000000     -1.2354894      1.4097445   -0.011823359      8.9124831     0.44997234
      2.4000000     -1.2354935      1.4098548   -0.012113709      8.9118489     0.44996675
      2.4000000     -1.2354741      1.4097324   -0.012288180      8.9119319     0.44995742
      2.4000000     -1.2354601      1.4098114   -0.012968902      8.9110167     0.44992323
      2.4000000     -1.2355694      1.4109551   -0.012570046      8.9170729     0.45008316
      2.4000000     -1.2356212      1.4106209   -0.012165871      8.9140696     0.45023698
      2.4000000     -1.2355832      1.4110001   -0.011993912      8.9156215     0.45014783
      2.4000000     -1.2355016      1.4108454   -0.012877476      8.9147612     0.45002179
      2.4000000     -1.2355440      1.4106892   -0.012946894      8.9104961     0.45015307
      2.4000000     -1.2355616      1.4106979   -0.013119366      8.9103597     0.45021545
      2.4000000     -1.2356024      1.4105903   -0.012807264      8.9108969     0.45024000
      2.4000000     -1.2355617      1.4098004   -0.011989250      8.9063836     0.45019749
      2.4000000     -1.2356666      1.4100350   -0.011999503      8.9076725     0.45037682
      2.4000000     -1.2356317      1.4096904   -0.012317603      8.9061621     0.45028942
      2.4000000     -1.2355022      1.4093390   -0.012554367      8.9059443     0.45002750
      2.4000000     -1.2354241      1.4090007   -0.013542329      8.9042897     0.44989694
      2.4000000     -1.2354791      1.4092599   -0.013388464      8.9007031     0.45004662
      2.4000000     -1.2355838      1.4094280   -0.013415331      8.8998013     0.45030246
      2.4000000     -1.2356932      1.4098192   -0.013373399      8.9012077     0.45050841
      2.4000000     -1.2356638      1.4102238   -0.013157830      8.9005503     0.45053377
      2.4000000     -1.2357361      1.4100887   -0.013130144      8.8985883     0.45065559
      2.4000000     -1.2358158      1.4099082   -0.013411255      8.8938529     0.45084850
      2.4000000     -1.2358593      1.4100059   -0.013788879      8.8928521     0.45094344
      2.4000000     -1.2359051      1.4099631   -0.013466926      8.8937344     0.45101406
      2.4000000     -1.2359248      1.4105004   -0.014831239      8.8955038     0.45106635
      2.4000000     -1.2358762      1.4104690   -0.015490816      8.8950194     0.45097488
      2.4000000     -1.2359728      1.4104950   -0.015882826      8.8911044     0.45118822
      2.4000000     -1.2359239      1.4103087   -0.016099567      8.8891531     0.45111788
      2.4000000     -1.2359218      1.4103216   -0.016098555      8.8867196     0.45116557
      2.4000000     -1.2358961      1.4099124   -0.017015890      8.8866271     0.45113071
      2.4000000     -1.2359369      1.4102715   -0.016839464      8.8878037     0.45119071
      2.4000000     -1.2359929      1.4103963   -0.016676995      8.8898202     0.45128451
      2.4000000     -1.2360450      1.4106767   -0.016100291      8.8916293     0.45137047
      2.4000000     -1.2360141      1.4109261   -0.016732315      8.8902266     0.45133794
      2.4000000     -1.2360166      1.4110489   -0.016996340      8.8897592     0.45135433
      2.4000000     -1.2360257      1.4110404   -0.017270521      8.8898678     0.45137959
      2.4000000     -1.2359562      1.4108302   -0.017290783      8.8914771     0.45122203
      2.4000000     -1.2359880      1.4109465   -0.017742862      8.8926449     0.45125339
      2.4000000     -1.2359300      1.4114513   -0.018213358      8.8919254     0.45119734
      2.4000000     -1.2359447      1.4117944   -0.018265843      8.8923654     0.45124586
      2.4000000     -1.2359175      1.4115628   -0.017949371      8.8933573     0.45115207
      2.4000000     -1.2358922      1.4118419   -0.017261221      8.8923071     0.45112376
      2.4000000     -1.2359259      1.4120340   -0.016546094      8.8931933     0.45120254
      2.4000000     -1.2359290      1.4119957   -0.015903507      8.8935612     0.45117804
      2.4000000     -1.2358830      1.4118442   -0.015827007      8.8948421     0.45105059
      2.4000000     -1.2358968      1.4119018   -0.015223272      8.8953353     0.45110665
      2.4000000     -1.2358040      1.4119245   -0.015615608      8.8978568     0.45090091
      2.4000000     -1.2356537      1.4120779   -0.015677502      8.9027276     0.45057601
      2.4000000     -1.2355886      1.4115707   -0.015943107      8.9019500     0.45042656
      2.4000000     -1.2355921      1.4113865   -0.015618463      8.9033546     0.45039806
      2.4000000     -1.2355947      1.4114079   -0.015230052      8.9019608     0.45041539
      2.4000000     -1.2356321      1.4112392   -0.014577659      8.9022363     0.45050249
      2.4000000     -1.2356873      1.4115603   -0.014080345      8.9032445     0.45057999
      2.4000000     -1.2357630      1.4116690   -0.014396284      8.9007967     0.45075807
      2.4000000     -1.2357702      1.4118992   -0.013685311      8.9021516     0.45072321
      2.4000000     -1.2357085      1.4116784   -0.013719472      8.9009335     0.45065493
      2.4000000     -1.2357308      1.4116981   -0.014517116      8.9019859     0.45068097
      2.4000000     -1.2357752      1.4119052   -0.013702458      8.9027496     0.45073961
      2.4000000     -1.2357870      1.4121342   -0.012888891      8.9037774     0.45074597
      2.4000000     -1.2358469      1.4123851   -0.012573950      8.9039416     0.45087207
      2.4000000     -1.2358227      1.4122686   -0.012301008      8.9014818     0.45087088
      2.4000000     -1.2358450      1.4124763   -0.012574380      8.9010903     0.45093885
      2.4000000     -1.2359513      1.4130436   -0.013033609      8.8989990     0.45122402
      2.4000000     -1.2359552      1.4131284   -0.012713330      8.9015873     0.45119010
      2.4000000     -1.2359646      1.4127717   -0.012530814      8.8998047     0.45122715
      2.4000000     -1.2360071      1.4125944   -0.012625470      8.8970765     0.45135263
      2.4000000     -1.2360435      1.4123740   -0.013032593      8.8958318     0.45144032
      2.4000000     -1.2360699      1.4120170   -0.013865391      8.8934227     0.45149382
      2.4000000     -1.2360255      1.4123751   -0.013143986      8.8976443     0.45139011
      2.4000000     -1.2360409      1.4123925   -0.012827362      8.8954884     0.45146650
      2.4000000     -1.2361090      1.4128960   -0.012357711      8.8953721     0.45163582
      2.4000000     -1.2361563      1.4132727   -0.012804657      8.8967290     0.45168936
      2.4000000     -1.2361626      1.4129820   -0.012832585      8.8935542     0.45172594
      2.4000000     -1.2361586      1.4129227   -0.012773778      8.8908363     0.45176364
      2.4000000     -1.2361183      1.4128803   -0.012884461      8.8914901     0.45165954
      2.4000000     -1.2361843      1.4131171   -0.012750164      8.8929924     0.45177041
      2.4000000     -1.2361381      1.4130552   -0.012793004      8.8908984     0.45170318
      2.4000000     -1.2360880      1.4131898   -0.013024461      8.8928931     0.45160132
      2.4000000     -1.2360849      1.4128488   -0.012370322      8.8914887     0.45160806
      2.4000000     -1.2361090      1.4129489   -0.013006910      8.8910909     0.45165188
      2.4000000     -1.2361870      1.4131796   -0.012922948      8.8887384     0.45183557
      2.4000000     -1.2361126      1.4128980   -0.012581836      8.8889017     0.45166713
      2.4000000     -1.2360883      1.4128300   -0.012373420      8.8892666     0.45161657
      2.4000000     -1.2360327      1.4126971   -0.013312044      8.8877067     0.45152294
      2.4000000     -1.2360570      1.4127727   -0.012545185      8.8884069     0.45156459
      2.4000000     -1.2360805      1.4129194   -0.012726820      8.8904998     0.45160586
      2.4000000     -1.2360586      1.4127023   -0.012532770      8.8911402     0.45154507
      2.4000000     -1.2361344      1.4130566   -0.013162140      8.8912804     0.45170795
      2.4000000     -1.2361034      1.4127385   -0.013094046      8.8898164     0.45168824
      2.4000000     -1.2361727      1.4125818   -0.012588476      8.8870808     0.45185491
      2.4000000     -1.2361703      1.4131144   -0.012741046      8.8898366     0.45183774
      2.4000000     -1.2362149      1.4133288   -0.012684765      8.8919535     0.45188363
      2.4000000     -1.2361328      1.4131806   -0.012976907      8.8962461     0.45166530
      2.4000000     -1.2361519      1.4130896   -0.012554394      8.8951879     0.45172510
      2.4000000     -1.2360981      1.4127923   -0.012825764      8.8951624     0.45161805
      2.4000000     -1.2361252      1.4129238   -0.013233034      8.8964085     0.45163978
      2.4000000     -1.2361240      1.4131271   -0.013348681      8.8959573     0.45165332
      2.4000000     -1.2361084      1.4130266   -0.013001719      8.8971219     0.45159807
      2.4000000     -1.2361043      1.4134878   -0.012973928      8.8987650     0.45158859
      2.4000000     -1.2361108      1.4136178   -0.013353777      8.9016021     0.45157109
      2.4000000     -1.2360568      1.4134314   -0.013424205      8.9033155     0.45143892
      2.4000000     -1.2359944      1.4134501   -0.013310082      8.9054401     0.45129611
      2.4000000     -1.2360435      1.4134729   -0.013567212      8.9043261     0.45140820
      2.4000000     -1.2360838      1.4134399   -0.013127960      8.9017439     0.45152930
      2.4000000     -1.2360638      1.4133507   -0.012947902      8.9027674     0.45145353
      2.4000000     -1.2360261      1.4135063   -0.012937000      8.9044400     0.45137008
      2.4000000     -1.2360224      1.4133156   -0.013227270      8.9059756     0.45132083
      2.4000000     -1.2360765      1.4135692   -0.013053064      8.9064136     0.45143635
      2.4000000     -1.2360510      1.4136530   -0.012385666      8.9070582     0.45139242
      2.4000000     -1.2361481      1.4142938   -0.012492152      8.9083783     0.45155291
      2.4000000     -1.2361231      1.4143660   -0.012602222      8.9068875     0.45152387
      2.4000000     -1.2361099      1.4142875   -0.012365476      8.9063052     0.45153808
      2.4000000     -1.2360807      1.4144294   -0.012433722      8.9063007     0.45151137
      2.4000000     -1.2360870      1.4142358   -0.012362813      8.9058450     0.45151642
      2.4000000     -1.2360984      1.4143788   -0.011787483      8.9066199     0.45155623
      2.4000000     -1.2360810      1.4146255   -0.011577834      8.9096886     0.45149415
      2.4000000     -1.2360827      1.4146014   -0.011473551      8.9077970     0.45149069
      2.4000000     -1.2360727      1.4141407   -0.011237463      8.9067930     0.45144527
      2.4000000     -1.2360615      1.4141757   -0.010985717      8.9080853     0.45137487
      2.4000000     -1.2361209      1.4140660   -0.010744042      8.9050931     0.45152646
      2.4000000     -1.2361040      1.4139743   -0.011011930      8.9056005     0.45149723
      2.4000000     -1.2360689      1.4139428   -0.010534224      8.9056312     0.45143008
      2.4000000     -1.2360392      1.4139096   -0.010342393      8.9049780     0.45137972
      2.4000000     -1.2360823      1.4139702  -0.0097040888      8.9023927     0.45149754
      2.4000000     -1.2360437      1.4139067  -0.0096889459      8.9028264     0.45142628
      2.4000000     -1.2360270      1.4139713  -0.0098055523      8.9039010     0.45137418
      2.4000000     -1.2359703      1.4137018  -0.0095942622      8.9044728     0.45124711
      2.4000000     -1.2359287      1.4137377  -0.0095562890      8.9061165     0.45113616
      2.4000000     -1.2359675      1.4140124  -0.0096439595      8.9059932     0.45120755
      2.4000000     -1.2360034      1.4138436  -0.0099941758      8.9045635     0.45127980
      2.4000000     -1.2360069      1.4141324  -0.0098751077      8.9058487     0.45127443
      2.4000000     -1.2359748      1.4139260   -0.010248848      8.9066716     0.45116383
      2.4000000     -1.2359592      1.4141589   -0.010032275      8.9078876     0.45114605
      2.4000000     -1.2359679      1.4139976  -0.0094871879      8.9053009     0.45119524
      2.4000000     -1.2360388      1.4142191  -0.0099672873      8.9030514     0.45135956
      2.4000000     -1.2360305      1.4141654   -0.010149937      8.9015819     0.45135405
      2.4000000     -1.2359925      1.4140909   -0.010709833      8.9025977     0.45128627
      2.4000000     -1.2360816      1.4147659   -0.010849808      8.9034902     0.45146818
      2.4000000     -1.2360567      1.4148492   -0.010721483      8.9037103     0.45142309
      2.4000000     -1.2360426      1.4149473   -0.010465892      8.9051871     0.45138150
      2.4000000     -1.2360268      1.4147762   -0.010637324      8.9032618     0.45138193
      2.4000000     -1.2360412      1.4146853   -0.010746627      8.9007793     0.45145175
      2.4000000     -1.2360298      1.4142609   -0.010905828      8.8988955     0.45143337
      2.4000000     -1.2360182      1.4143111   -0.010722448      8.8994952     0.45141733
      2.4000000     -1.2359758      1.4144152   -0.010503774      8.9008002     0.45132129
      2.4000000     -1.2359882      1.4144353   -0.010754709      8.8999397     0.45136255
      2.4000000     -1.2360017      1.4145750   -0.010950524      8.9005071     0.45140327
      2.4000000     -1.2360510      1.4147828   -0.011273453      8.9012549     0.45148964
      2.4000000     -1.2360616      1.4147662   -0.011359954      8.8989953     0.45155160
      2.4000000     -1.2360835      1.4150261   -0.011750842      8.8993215     0.45160120
      2.4000000     -1.2360518      1.4147401   -0.011229489      8.8971444     0.45157091
      2.4000000     -1.2361017      1.4149641   -0.010501452      8.8980119     0.45165312
      2.4000000     -1.2361125      1.4148454   -0.010615554      8.8959789     0.45170276
      2.4000000     -1.2361166      1.4149408   -0.010198234      8.8977065     0.45167628
      2.4000000     -1.2361313      1.4152345  -0.0099765045      8.8991765     0.45170475
      2.4000000     -1.2361354      1.4151167  -0.0097830283      8.8976013     0.45173675
      2.4000000     -1.2361527      1.4150836  -0.0096304466      8.8984732     0.45176277
      2.4000000     -1.2361322      1.4148306  -0.0096507293      8.8972212     0.45173046
      2.4000000     -1.2361721      1.4151329   -0.010018864      8.9000979     0.45176812
      2.4000000     -1.2362127      1.4150083   -0.010464860      8.8976543     0.45185663
      2.4000000     -1.2361568      1.4150154  -0.0099203504      8.9024748     0.45169824
      2.4000000     -1.2361195      1.4146771  -0.0096605526      8.9010851     0.45160752
      2.4000000     -1.2361112      1.4149248  -0.0092548484      8.9047890     0.45153697
      2.4000000     -1.2361194      1.4147474  -0.0096006817      8.9040993     0.45155913
      2.4000000     -1.2361412      1.4149353  -0.0094801420      8.9021371     0.45162429
      2.4000000     -1.2361307      1.4150411  -0.0088786546      8.9025984     0.45162390
      2.4000000     -1.2361631      1.4151144  -0.0088863718      8.9036639     0.45168069
      2.4000000     -1.2361979      1.4151929  -0.0085013348      8.9039416     0.45174469
      2.4000000     -1.2362040      1.4153660  -0.0082988725      8.9057501     0.45172502
      2.4000000     -1.2362263      1.4155511  -0.0086026357      8.9056869     0.45179855
      2.4000000     -1.2362278      1.4156865  -0.0089364473      8.9041819     0.45182029
      2.4000000     -1.2362225      1.4158866  -0.0086175795      8.9070352     0.45176091
      2.4000000     -1.2362342      1.4155550  -0.0082002295      8.9045548     0.45178706
      2.4000000     -1.2362310      1.4154723  -0.0077996158      8.9037653     0.45179531
      2.4000000     -1.2362472      1.4153517  -0.0087245563      8.9025602     0.45183394
      2.4000000     -1.2363056      1.4156245  -0.0085818947      8.9038706     0.45191829
      2.4000000     -1.2363014      1.4156293  -0.0079403599      8.9047308     0.45190003
      2.4000000     -1.2363016      1.4156122  -0.0080143436      8.9038959     0.45190957
      2.4000000     -1.2363161      1.4155233  -0.0078998217      8.9026516     0.45196806
      2.4000000     -1.2363694      1.4156513  -0.0082656264      8.9015887     0.45209288
      2.4000000     -1.2364180      1.4158175  -0.0086461080      8.9033066     0.45216437
      2.4000000     -1.2363722      1.4158776  -0.0085438467      8.9044048     0.45207284
      2.4000000     -1.2363913      1.4158699  -0.0089825248      8.9045736     0.45211137
      2.4000000     -1.2363775      1.4159975  -0.0091845907      8.9039907     0.45210914
      2.4000000     -1.2364115      1.4162184  -0.0087305740      8.9048218     0.45218335
      2.4000000     -1.2364333      1.4162470  -0.0088652199      8.9028684     0.45224677
      2.4000000     -1.2365036      1.4163963  -0.0082441281      8.9020510     0.45241056
      2.4000000     -1.2365097      1.4163374  -0.0083072649      8.9002470     0.45244346
      2.4000000     -1.2365008      1.4161276  -0.0085113577      8.8990424     0.45244733
      2.4000000     -1.2364728      1.4160360  -0.0083022135      8.9004693     0.45236723
      2.4000000     -1.2364539      1.4161497  -0.0084402655      8.9031362     0.45229766
      2.4000000     -1.2364747      1.4159026  -0.0083239973      8.9028705     0.45232591
      2.4000000     -1.2364953      1.4158883  -0.0084223378      8.9003798     0.45240600
      2.4000000     -1.2364971      1.4160219  -0.0079665468      8.9022739     0.45238399
      2.4000000     -1.2365367      1.4161836  -0.0081093507      8.9029785     0.45244093
      2.4000000     -1.2365153      1.4162853  -0.0081135718      8.9034895     0.45241802
      2.4000000     -1.2364860      1.4162495  -0.0080117387      8.9055150     0.45233490
      2.4000000     -1.2365147      1.4161656  -0.0078925079      8.9038550     0.45241577
      2.4000000     -1.2364937      1.4161347  -0.0082502889      8.9018968     0.45239436
      2.4000000     -1.2364804      1.4158658  -0.0079631171      8.9013526     0.45236202
      2.4000000     -1.2365173      1.4160369  -0.0086731969      8.9017854     0.45241255
      2.4000000     -1.2365203      1.4158801  -0.0092408743      8.9017800     0.45241157
      2.4000000     -1.2364891      1.4158019  -0.0096177089      8.9002733     0.45237257
      2.4000000     -1.2365250      1.4158365  -0.0096862122      8.8999751     0.45244249
      2.4000000     -1.2365877      1.4159371   -0.010548221      8.8982912     0.45261196
      2.4000000     -1.2365669      1.4160466   -0.010059859      8.8997960     0.45255927
      2.4000000     -1.2365537      1.4157654   -0.010283632      8.8990456     0.45251857
      2.4000000     -1.2365662      1.4155734   -0.010577409      8.8968273     0.45258437
      2.4000000     -1.2365476      1.4154893   -0.010623175      8.8961477     0.45255759
      2.4000000     -1.2365100      1.4152106   -0.010869122      8.8976903     0.45244563
      2.4000000     -1.2365561      1.4153831   -0.010482808      8.8964548     0.45254343
      2.4000000     -1.2365526      1.4154908   -0.010353409      8.8974351     0.45255465
      2.4000000     -1.2365615      1.4155012   -0.010322557      8.8968216     0.45257037
      2.4000000     -1.2365553      1.4154962   -0.010336305      8.8967853     0.45257651
      2.4000000     -1.2365671      1.4155054   -0.010479677      8.8968778     0.45260309
      2.4000000     -1.2365604      1.4154324   -0.010402545      8.8980684     0.45255129
      2.4000000     -1.2366036      1.4155030  -0.0096271209      8.8970062     0.45264915
      2.4000000     -1.2365953      1.4154717  -0.0097317349      8.8975995     0.45261997
      2.4000000     -1.2365763      1.4155069  -0.0099399411      8.8991331     0.45257371
      2.4000000     -1.2365750      1.4153227  -0.0097610275      8.8977056     0.45258503
      2.4000000     -1.2365946      1.4151786  -0.0093833042      8.8966189     0.45263930
      2.4000000     -1.2365532      1.4151056  -0.0091568507      8.8974232     0.45252989
      2.4000000     -1.2365947      1.4153656  -0.0086999839      8.8978209     0.45260039
      2.4000000     -1.2366009      1.4153022  -0.0085144802      8.8959081     0.45264392
      2.4000000     -1.2365973      1.4152376  -0.0080818926      8.8950539     0.45264289
      2.4000000     -1.2365841      1.4154089  -0.0084349261      8.8963780     0.45260803
      2.4000000     -1.2365920      1.4153584  -0.0083987322      8.8948688     0.45263513
      2.4000000     -1.2366244      1.4154174  -0.0088364044      8.8944686     0.45269191
      2.4000000     -1.2365657      1.4151408  -0.0088173814      8.8932561     0.45259339
      2.4000000     -1.2365711      1.4154782  -0.0086695695      8.8950407     0.45258715
      2.4000000     -1.2365942      1.4155877  -0.0082120742      8.8961453     0.45262211
      2.4000000     -1.2366227      1.4154467  -0.0083415752      8.8949854     0.45269850
      2.4000000     -1.2366501      1.4154417  -0.0078128717      8.8943092     0.45277163
      2.4000000     -1.2366553      1.4156882  -0.0075288659      8.8970137     0.45275709
      2.4000000     -1.2366091      1.4157233  -0.0072889928      8.8987496     0.45265567
      2.4000000     -1.2365921      1.4156496  -0.0078019904      8.8987653     0.45262274
      2.4000000     -1.2366326      1.4157842  -0.0079724856      8.8981838     0.45271336
      2.4000000     -1.2366107      1.4158447  -0.0078155682      8.8981153     0.45267533
      2.4000000     -1.2366072      1.4157263  -0.0074341874      8.8977510     0.45267544
      2.4000000     -1.2366193      1.4155413  -0.0074239595      8.8974827     0.45270442
      2.4000000     -1.2365669      1.4153342  -0.0074267197      8.8962041     0.45262395
      2.4000000     -1.2365566      1.4151997  -0.0078757417      8.8942307     0.45261824
      2.4000000     -1.2365420      1.4153501  -0.0078821099      8.8947789     0.45261516
      2.4000000     -1.2365467      1.4153504  -0.0073336816      8.8942189     0.45263555
      2.4000000     -1.2365894      1.4156289  -0.0070774435      8.8954675     0.45271536
      2.4000000     -1.2365623      1.4153250  -0.0069070962      8.8942662     0.45267817
      2.4000000     -1.2365576      1.4152949  -0.0071451979      8.8955669     0.45262660
      2.4000000     -1.2365767      1.4151862  -0.0070247196      8.8943563     0.45266408
      2.4000000     -1.2365971      1.4154420  -0.0071823998      8.8947874     0.45269979
      2.4000000     -1.2366111      1.4155167  -0.0072337616      8.8948345     0.45270586
      2.4000000     -1.2366167      1.4154912  -0.0071821949      8.8957621     0.45269807
      2.4000000     -1.2366229      1.4152945  -0.0068999931      8.8939575     0.45274263
      2.4000000     -1.2366273      1.4152688  -0.0067140889      8.8950740     0.45272172
      2.4000000     -1.2366406      1.4152245  -0.0067281279      8.8923894     0.45277866
      2.4000000     -1.2366174      1.4148980  -0.0065510057      8.8910861     0.45274610
      2.4000000     -1.2366046      1.4148224  -0.0061709897      8.8917773     0.45269600
      2.4000000     -1.2365598      1.4147758  -0.0061223261      8.8927538     0.45260234
      2.4000000     -1.2365390      1.4148997  -0.0065904384      8.8944935     0.45254811
      2.4000000     -1.2365323      1.4149462  -0.0067256913      8.8951618     0.45251090
      2.4000000     -1.2365584      1.4150546  -0.0063882875      8.8937764     0.45259051
      2.4000000     -1.2365606      1.4151229  -0.0065419070      8.8946679     0.45258132
      2.4000000     -1.2365624      1.4149454  -0.0066757319      8.8928550     0.45260313
      2.4000000     -1.2365609      1.4151216  -0.0069915598      8.8935553     0.45259510
      2.4000000     -1.2365624      1.4151616  -0.0069792354      8.8939949     0.45259671
      2.4000000     -1.2365174      1.4149891  -0.0072803506      8.8936439     0.45250047
      2.4000000     -1.2365132      1.4147113  -0.0069530998      8.8910588     0.45251891
      2.4000000     -1.2365350      1.4146712  -0.0069381096      8.8899167     0.45258005
      2.4000000     -1.2365120      1.4145645  -0.0067505658      8.8890575     0.45254573
      2.4000000     -1.2365514      1.4147314  -0.0070485724      8.8898860     0.45261254
      2.4000000     -1.2365468      1.4148354  -0.0071843311      8.8896499     0.45261153
      2.4000000     -1.2365179      1.4145870  -0.0073612938      8.8899329     0.45252172
      2.4000000     -1.2365012      1.4145566  -0.0073534757      8.8890281     0.45250783
      2.4000000     -1.2365040      1.4146219  -0.0074021380      8.8883498     0.45251261
      2.4000000     -1.2365051      1.4146207  -0.0073362070      8.8890324     0.45251231
      2.4000000     -1.2364827      1.4145887  -0.0073730429      8.8897539     0.45246954
      2.4000000     -1.2364761      1.4144389  -0.0069691513      8.8902950     0.45245221
      2.4000000     -1.2364858      1.4145511  -0.0069181400      8.8900723     0.45248796
      2.4000000     -1.2364467      1.4145938  -0.0067177860      8.8910674     0.45239630
      2.4000000     -1.2364539      1.4142775  -0.0062572288      8.8898557     0.45241766
      2.4000000     -1.2364600      1.4143801  -0.0059739065      8.8905407     0.45241933
      2.4000000     -1.2364656      1.4146208  -0.0057971779      8.8919311     0.45241364
      2.4000000     -1.2364894      1.4147612  -0.0057524037      8.8920717     0.45246126
      2.4000000     -1.2365309      1.4148731  -0.0056662052      8.8911822     0.45254746
      2.4000000     -1.2365291      1.4146365  -0.0053186886      8.8891209     0.45255874
      2.4000000     -1.2365115      1.4143349  -0.0053081323      8.8887669     0.45250886
      2.4000000     -1.2365370      1.4144803  -0.0054958541      8.8889972     0.45255537
      2.4000000     -1.2365337      1.4143731  -0.0051125439      8.8888325     0.45254215
      2.4000000     -1.2365490      1.4144668  -0.0051896432      8.8880386     0.45258083
      2.4000000     -1.2365271      1.4143407  -0.0052317196      8.8881958     0.45253349
      2.4000000     -1.2365160      1.4142981  -0.0051285649      8.8889192     0.45250012
      2.4000000     -1.2365591      1.4144376  -0.0049495318      8.8885138     0.45259389
      2.4000000     -1.2365400      1.4146394  -0.0045282023      8.8902023     0.45255677
      2.4000000     -1.2365419      1.4145929  -0.0044217347      8.8893994     0.45257651
      2.4000000     -1.2365558      1.4148120  -0.0041102764      8.8899376     0.45260654
      2.4000000     -1.2365632      1.4150183  -0.0042456726      8.8906484     0.45262919
      2.4000000     -1.2365667      1.4148714  -0.0040679727      8.8900273     0.45263212
      2.4000000     -1.2365602      1.4146838  -0.0035940776      8.8897555     0.45262689
      2.4000000     -1.2365746      1.4145791  -0.0035915460      8.8896022     0.45264578
      2.4000000     -1.2365482      1.4145625  -0.0036878570      8.8887279     0.45262296
      2.4000000     -1.2365119      1.4142765  -0.0035241771      8.8871356     0.45256463
      2.4000000     -1.2365398      1.4143888  -0.0037598815      8.8877092     0.45262290
      2.4000000     -1.2365424      1.4142718  -0.0036046608      8.8863089     0.45264348
      2.4000000     -1.2365505      1.4143103  -0.0034199886      8.8870277     0.45265054
      2.4000000     -1.2365539      1.4141160  -0.0035394876      8.8851826     0.45267815
      2.4000000     -1.2365510      1.4139736  -0.0034789124      8.8844719     0.45267131
      2.4000000     -1.2365391      1.4138414  -0.0036245370      8.8851575     0.45263420
      2.4000000     -1.2365368      1.4138517  -0.0036913891      8.8846702     0.45264073
      2.4000000     -1.2365382      1.4136915  -0.0037128566      8.8830642     0.45266559
      2.4000000     -1.2365451      1.4137918  -0.0035220164      8.8824990     0.45269145
      2.4000000     -1.2365306      1.4139592  -0.0033282551      8.8837002     0.45265912
      2.4000000     -1.2365221      1.4140023  -0.0033165377      8.8826198     0.45266177
      2.4000000     -1.2365195      1.4140123  -0.0033780894      8.8821946     0.45265140
      2.4000000     -1.2365506      1.4140647  -0.0033953144      8.8815860     0.45271028
      2.4000000     -1.2365611      1.4140965  -0.0035083036      8.8813537     0.45273332
      2.4000000     -1.2365300      1.4138687  -0.0037622162      8.8811388     0.45267591
      2.4000000     -1.2365442      1.4137560  -0.0032366774      8.8794975     0.45273936
      2.4000000     -1.2365442      1.4136054  -0.0033128883      8.8798563     0.45272381
      2.4000000     -1.2365576      1.4134381  -0.0037901034      8.8797159     0.45273712
      2.4000000     -1.2365857      1.4133281  -0.0038992445      8.8784453     0.45280207
      2.4000000     -1.2365919      1.4132811  -0.0041960270      8.8769358     0.45282612
      2.4000000     -1.2365842      1.4131422  -0.0044175389      8.8756695     0.45281143
      2.4000000     -1.2365940      1.4130704  -0.0046193267      8.8746621     0.45284067
      2.4000000     -1.2365757      1.4128844  -0.0045435060      8.8744423     0.45279285
      2.4000000     -1.2365604      1.4130943  -0.0044813403      8.8757700     0.45275687
      2.4000000     -1.2365738      1.4128446  -0.0045256426      8.8726949     0.45282775
      2.4000000     -1.2365486      1.4127385  -0.0047296887      8.8738085     0.45276777
      2.4000000     -1.2365693      1.4126737  -0.0051464211      8.8730472     0.45281091
      2.4000000     -1.2365821      1.4127649  -0.0046606594      8.8732696     0.45282793
      2.4000000     -1.2365771      1.4126614  -0.0047709568      8.8723234     0.45282314
      2.4000000     -1.2366031      1.4126444  -0.0043892814      8.8719669     0.45287187
      2.4000000     -1.2366243      1.4126574  -0.0047150215      8.8707926     0.45291951
      2.4000000     -1.2366254      1.4126211  -0.0049828574      8.8696793     0.45294133
      2.4000000     -1.2366158      1.4125051  -0.0052005283      8.8694142     0.45290816
      2.4000000     -1.2366181      1.4125189  -0.0050309251      8.8706963     0.45289701
      2.4000000     -1.2366102      1.4123525  -0.0046409379      8.8699694     0.45290152
      2.4000000     -1.2366506      1.4124422  -0.0045492364      8.8695032     0.45299341
      2.4000000     -1.2365986      1.4123189  -0.0043178985      8.8698537     0.45288930
      2.4000000     -1.2365973      1.4123795  -0.0041156120      8.8695223     0.45287577
      2.4000000     -1.2366303      1.4126024  -0.0039239249      8.8703677     0.45293441
      2.4000000     -1.2366156      1.4125916  -0.0038545038      8.8715099     0.45288178
      2.4000000     -1.2366294      1.4125679  -0.0039300029      8.8700258     0.45292417
      2.4000000     -1.2366234      1.4125516  -0.0039819138      8.8708473     0.45289094
      2.4000000     -1.2366077      1.4124498  -0.0042339933      8.8715337     0.45284509
      2.4000000     -1.2366202      1.4124613  -0.0043573731      8.8724548     0.45284689
      2.4000000     -1.2366188      1.4125569  -0.0041163238      8.8725902     0.45284602
      2.4000000     -1.2366401      1.4128560  -0.0038795238      8.8751358     0.45286851
      2.4000000     -1.2366429      1.4129283  -0.0037074573      8.8751401     0.45286506
      2.4000000     -1.2366510      1.4128776  -0.0036726108      8.8749995     0.45288600
      2.4000000     -1.2366592      1.4129116  -0.0035514263      8.8755160     0.45288093
      2.4000000     -1.2366481      1.4129959  -0.0031294538      8.8755169     0.45287665
      2.4000000     -1.2366227      1.4131311  -0.0030429765      8.8763160     0.45282745
      2.4000000     -1.2366517      1.4131478  -0.0031965677      8.8746609     0.45289280
      2.4000000     -1.2366586      1.4134268  -0.0031802880      8.8752903     0.45290382
      2.4000000     -1.2366557      1.4133465  -0.0032304476      8.8737500     0.45291728
      2.4000000     -1.2366655      1.4133197  -0.0032988523      8.8731763     0.45294706
      2.4000000     -1.2367050      1.4133937  -0.0033468349      8.8714746     0.45303855
      2.4000000     -1.2366926      1.4131639  -0.0034477914      8.8715963     0.45298523
      2.4000000     -1.2367033      1.4131336  -0.0035550139      8.8715082     0.45301189
      2.4000000     -1.2366873      1.4131445  -0.0036583182      8.8710593     0.45298162
      2.4000000     -1.2366991      1.4132363  -0.0036379500      8.8721694     0.45299304
      2.4000000     -1.2366910      1.4132228  -0.0035790092      8.8715110     0.45298451
      2.4000000     -1.2366724      1.4131629  -0.0035602242      8.8724126     0.45292955
      2.4000000     -1.2366656      1.4131712  -0.0036801648      8.8714424     0.45291913
      2.4000000     -1.2366736      1.4131601  -0.0034068961      8.8720114     0.45292994
      2.4000000     -1.2366714      1.4132762  -0.0033421890      8.8732650     0.45291082
      2.4000000     -1.2366805      1.4132251  -0.0032721575      8.8736884     0.45292758
      2.4000000     -1.2366718      1.4130512  -0.0032037057      8.8728626     0.45291328
      2.4000000     -1.2367032      1.4132902  -0.0030043394      8.8730772     0.45297691
      2.4000000     -1.2367016      1.4131207  -0.0030757641      8.8720101     0.45297754
      2.4000000     -1.2366815      1.4129604  -0.0028353091      8.8715457     0.45293229
      2.4000000     -1.2366719      1.4128383  -0.0026058711      8.8711790     0.45291943
      2.4000000     -1.2366701      1.4127742  -0.0025964103      8.8714169     0.45289693
      2.4000000     -1.2366343      1.4126515  -0.0026636266      8.8706172     0.45283003
      2.4000000     -1.2366378      1.4126215  -0.0027798285      8.8710922     0.45281677
      2.4000000     -1.2366522      1.4125408  -0.0025982009      8.8699241     0.45284968
      2.4000000     -1.2366503      1.4123928  -0.0024566987      8.8682571     0.45286693
      2.4000000     -1.2366754      1.4122114  -0.0027749731      8.8661772     0.45293966
      2.4000000     -1.2366794      1.4122511  -0.0031757688      8.8657588     0.45294161
      2.4000000     -1.2366919      1.4123970  -0.0033360662      8.8655313     0.45296586
      2.4000000     -1.2366955      1.4122876  -0.0031178741      8.8648767     0.45297409
      2.4000000     -1.2367024      1.4123755  -0.0032598957      8.8645060     0.45299025
      2.4000000     -1.2367278      1.4123774  -0.0034407794      8.8636255     0.45305851
      2.4000000     -1.2367127      1.4123378  -0.0033834600      8.8638316     0.45303878
      2.4000000     -1.2367193      1.4124577  -0.0032947074      8.8650667     0.45304217
      2.4000000     -1.2367083      1.4125121  -0.0033149558      8.8656042     0.45301724
      2.4000000     -1.2367070      1.4123581  -0.0034469346      8.8650223     0.45301159
      2.4000000     -1.2366771      1.4122284  -0.0033635855      8.8651383     0.45294507
      2.4000000     -1.2366959      1.4123761  -0.0035345070      8.8660326     0.45295923
      2.4000000     -1.2366696      1.4123265  -0.0037738163      8.8672349     0.45288241
      2.4000000     -1.2366591      1.4123024  -0.0035363974      8.8679366     0.45284593
      2.4000000     -1.2366487      1.4122431  -0.0033469790      8.8677635     0.45284278
      2.4000000     -1.2366547      1.4121756  -0.0031403086      8.8661170     0.45287817
      2.4000000     -1.2366545      1.4120835  -0.0032787373      8.8658934     0.45288593
      2.4000000     -1.2366498      1.4120241  -0.0034045035      8.8669870     0.45286420
      2.4000000     -1.2366370      1.4119112  -0.0032009983      8.8663924     0.45282765
      2.4000000     -1.2365991      1.4116894  -0.0028792613      8.8671075     0.45272435
      2.4000000     -1.2365901      1.4117092  -0.0026333388      8.8668722     0.45270838
      2.4000000     -1.2365909      1.4116611  -0.0023963685      8.8673373     0.45269890
      2.4000000     -1.2365797      1.4115574  -0.0024223359      8.8668287     0.45267089
      2.4000000     -1.2366093      1.4116930  -0.0027083767      8.8655739     0.45274193
      2.4000000     -1.2365889      1.4116670  -0.0026793468      8.8665128     0.45269302
      2.4000000     -1.2366035      1.4115539  -0.0027992311      8.8652421     0.45271866
      2.4000000     -1.2366352      1.4117072  -0.0025516012      8.8649147     0.45277622
      2.4000000     -1.2366306      1.4117478  -0.0025934418      8.8656891     0.45276085
      2.4000000     -1.2365905      1.4116794  -0.0027247179      8.8659415     0.45267880
      2.4000000     -1.2366120      1.4118297  -0.0028837696      8.8669202     0.45271232
      2.4000000     -1.2366007      1.4117424  -0.0029414267      8.8667184     0.45268893
      2.4000000     -1.2366028      1.4118620  -0.0026079575      8.8672043     0.45268786
      2.4000000     -1.2365864      1.4118924  -0.0024766706      8.8686440     0.45264966
      2.4000000     -1.2365928      1.4118984  -0.0023938686      8.8684665     0.45267343
      2.4000000     -1.2365893      1.4119031  -0.0024603613      8.8676993     0.45267915
      2.4000000     -1.2366148      1.4118761  -0.0023261858      8.8669767     0.45274042
      2.4000000     -1.2365880      1.4118697  -0.0025181484      8.8676181     0.45268774
      2.4000000     -1.2365861      1.4118414  -0.0024049352      8.8667423     0.45269982
      2.4000000     -1.2366191      1.4118701  -0.0026614076      8.8654977     0.45277697
      2.4000000     -1.2365888      1.4118187  -0.0024157861      8.8646051     0.45273564
      2.4000000     -1.2365955      1.4118592  -0.0025335729      8.8642880     0.45275765
      2.4000000     -1.2365891      1.4118302  -0.0024039264      8.8639243     0.45274380
      2.4000000     -1.2366255      1.4121568  -0.0022576377      8.8648657     0.45280419
      2.4000000     -1.2366062      1.4120799  -0.0023676133      8.8644833     0.45276167
      2.4000000     -1.2365872      1.4120907  -0.0019969235      8.8650868     0.45271837
      2.4000000     -1.2365831      1.4120531  -0.0023164219      8.8650516     0.45269676
      2.4000000     -1.2365761      1.4120266  -0.0023294842      8.8648488     0.45267826
      2.4000000     -1.2365354      1.4120823  -0.0023706672      8.8653429     0.45260538
      2.4000000     -1.2365170      1.4119736  -0.0023735769      8.8641802     0.45258260
      2.4000000     -1.2364916      1.4117358  -0.0023266922      8.8630665     0.45254290
      2.4000000     -1.2364833      1.4117371  -0.0022363254      8.8624659     0.45254656
      2.4000000     -1.2364752      1.4115973  -0.0025563215      8.8630561     0.45252045
      2.4000000     -1.2364640      1.4115141  -0.0026182447      8.8634568     0.45248352
      2.4000000     -1.2364328      1.4114491  -0.0027805967      8.8635490     0.45242675
      2.4000000     -1.2364407      1.4113924  -0.0026328232      8.8629989     0.45244108
      2.4000000     -1.2364414      1.4114777  -0.0027541046      8.8628827     0.45243943
      2.4000000     -1.2364753      1.4115663  -0.0028053254      8.8631869     0.45248991
      2.4000000     -1.2364754      1.4115425  -0.0028521645      8.8643426     0.45246604
      2.4000000     -1.2365306      1.4116622  -0.0027575748      8.8637117     0.45259757
      2.4000000     -1.2365244      1.4117725  -0.0028638644      8.8644857     0.45258662
      2.4000000     -1.2365009      1.4117477  -0.0028744887      8.8650930     0.45253022
      2.4000000     -1.2364721      1.4116842  -0.0030289660      8.8660185     0.45246018
      2.4000000     -1.2364540      1.4115220  -0.0031862141      8.8647877     0.45243886
      2.4000000     -1.2364631      1.4114748  -0.0034178339      8.8645252     0.45244973
      2.4000000     -1.2364571      1.4114952  -0.0034045580      8.8645653     0.45243782
      2.4000000     -1.2364582      1.4116668  -0.0033249550      8.8651113     0.45243936
      2.4000000     -1.2364868      1.4117809  -0.0032040161      8.8654110     0.45249498
      2.4000000     -1.2364728      1.4116372  -0.0034592492      8.8646385     0.45248240
      2.4000000     -1.2364553      1.4114221  -0.0037321008      8.8632932     0.45246244
      2.4000000     -1.2364512      1.4116224  -0.0037527931      8.8648916     0.45245528
      2.4000000     -1.2364554      1.4117766  -0.0036532241      8.8653384     0.45245837
      2.4000000     -1.2364702      1.4117842  -0.0034164968      8.8658882     0.45247189
      2.4000000     -1.2364506      1.4116376  -0.0037212798      8.8657791     0.45242965
      2.4000000     -1.2364162      1.4115058  -0.0037198786      8.8668390     0.45235046
      2.4000000     -1.2363953      1.4113990  -0.0037608938      8.8659526     0.45232586
      2.4000000     -1.2363899      1.4113576  -0.0035658892      8.8663134     0.45231438
      2.4000000     -1.2363949      1.4113400  -0.0037775893      8.8677514     0.45230878
      2.4000000     -1.2363934      1.4113211  -0.0036891159      8.8673937     0.45231847
      2.4000000     -1.2363840      1.4113425  -0.0034715142      8.8670835     0.45230521
      2.4000000     -1.2363849      1.4113321  -0.0034505142      8.8665589     0.45231789
      2.4000000     -1.2363740      1.4112704  -0.0034444600      8.8664573     0.45229294
      2.4000000     -1.2363977      1.4114083  -0.0032008762      8.8663583     0.45236011
      2.4000000     -1.2363679      1.4113650  -0.0032909077      8.8663033     0.45230936
      2.4000000     -1.2363795      1.4114406  -0.0031550742      8.8664497     0.45233402
      2.4000000     -1.2363877      1.4115429  -0.0029734033      8.8670178     0.45233065
      2.4000000     -1.2363812      1.4114762  -0.0031460794      8.8668171     0.45231446
      2.4000000     -1.2363748      1.4113871  -0.0029783538      8.8662661     0.45231171
      2.4000000     -1.2363806      1.4114595  -0.0026895148      8.8662353     0.45232366
      2.4000000     -1.2363743      1.4113561  -0.0026659116      8.8657235     0.45231726
      2.4000000     -1.2363799      1.4113742  -0.0025680186      8.8654751     0.45232220
      2.4000000     -1.2363495      1.4113457  -0.0026336066      8.8665941     0.45225194
      2.4000000     -1.2363441      1.4113961  -0.0024970231      8.8672256     0.45222121
      2.4000000     -1.2363273      1.4113709  -0.0025881757      8.8678317     0.45217804
      2.4000000     -1.2363098      1.4113050  -0.0024003523      8.8682313     0.45213314
      2.4000000     -1.2363100      1.4112135  -0.0023395530      8.8687716     0.45212647
      2.4000000     -1.2363159      1.4112545  -0.0022934908      8.8690084     0.45214005
      2.4000000     -1.2363246      1.4112311  -0.0023623047      8.8685497     0.45215778
      2.4000000     -1.2363238      1.4111260  -0.0025393869      8.8677258     0.45216343
      2.4000000     -1.2363364      1.4111484  -0.0023586031      8.8669351     0.45221048
      2.4000000     -1.2363431      1.4113275  -0.0023571898      8.8672741     0.45223204
      2.4000000     -1.2363351      1.4112432  -0.0020282352      8.8663426     0.45223343
      2.4000000     -1.2363227      1.4112740  -0.0017770532      8.8671795     0.45220275
      2.4000000     -1.2363246      1.4111202  -0.0019509211      8.8648892     0.45222448
      2.4000000     -1.2363169      1.4110454  -0.0020752023      8.8646028     0.45221927
      2.4000000     -1.2363164      1.4111012  -0.0019852231      8.8644885     0.45222546
      2.4000000     -1.2363445      1.4112471  -0.0016865053      8.8640284     0.45228057
      2.4000000     -1.2363594      1.4112111  -0.0015205769      8.8628575     0.45232107
      2.4000000     -1.2363834      1.4111063  -0.0012956235      8.8621421     0.45237799
      2.4000000     -1.2363993      1.4112397  -0.0016278556      8.8626029     0.45241520
      2.4000000     -1.2364008      1.4111769  -0.0014737770      8.8611067     0.45242681
      2.4000000     -1.2363850      1.4111174  -0.0013198958      8.8607770     0.45240601
      2.4000000     -1.2363666      1.4111770  -0.0010742253      8.8610847     0.45236973
      2.4000000     -1.2363877      1.4111511  -0.0010516562      8.8596989     0.45242032
      2.4000000     -1.2363724      1.4112217 -0.00090002985      8.8605221     0.45238338
      2.4000000     -1.2363837      1.4112601  -0.0010129568      8.8601000     0.45240815
      2.4000000     -1.2363535      1.4111806  -0.0010014010      8.8606981     0.45233961
      2.4000000     -1.2363522      1.4113088  -0.0011907452      8.8607983     0.45234379
      2.4000000     -1.2363456      1.4111178  -0.0013787344      8.8596337     0.45233368
      2.4000000     -1.2363505      1.4111127  -0.0013945059      8.8596149     0.45233082
      2.4000000     -1.2363419      1.4110191  -0.0017122123      8.8586130     0.45232034
      2.4000000     -1.2363384      1.4109635  -0.0014860362      8.8585814     0.45230867
      2.4000000     -1.2363298      1.4108581  -0.0016448481      8.8586937     0.45228230
      2.4000000     -1.2363181      1.4107934  -0.0016754426      8.8582476     0.45226615
      2.4000000     -1.2363161      1.4108875  -0.0017276897      8.8587434     0.45225151
      2.4000000     -1.2363485      1.4108566  -0.0017855690      8.8575823     0.45232552
      2.4000000     -1.2363398      1.4108780  -0.0019576569      8.8573984     0.45232101
      2.4000000     -1.2363702      1.4110795  -0.0018533075      8.8571603     0.45239523
      2.4000000     -1.2363734      1.4109853  -0.0017739057      8.8565138     0.45240009
      2.4000000     -1.2363837      1.4110651  -0.0018879445      8.8568643     0.45241281
      2.4000000     -1.2363788      1.4109264  -0.0018215787      8.8563299     0.45240332
      2.4000000     -1.2364053      1.4110103  -0.0017962875      8.8556756     0.45246289
      2.4000000     -1.2364201      1.4109359  -0.0017903605      8.8553223     0.45249126
      2.4000000     -1.2364311      1.4109716  -0.0018416313      8.8552087     0.45252376
      2.4000000     -1.2364506      1.4109593  -0.0017108565      8.8539309     0.45258267
      2.4000000     -1.2364451      1.4109781  -0.0016598321      8.8543479     0.45256007
      2.4000000     -1.2364363      1.4110472  -0.0017811228      8.8554120     0.45253248
      2.4000000     -1.2364168      1.4110322  -0.0019737453      8.8554336     0.45250064
      2.4000000     -1.2364138      1.4110783  -0.0022404251      8.8559295     0.45248990
      2.4000000     -1.2364440      1.4111493  -0.0023664424      8.8555210     0.45255469
      2.4000000     -1.2364713      1.4112879  -0.0022570316      8.8560768     0.45261170
      2.4000000     -1.2364507      1.4112487  -0.0020740610      8.8560093     0.45257550
      2.4000000     -1.2364397      1.4112610  -0.0018400021      8.8577843     0.45251754
      2.4000000     -1.2364399      1.4111883  -0.0016495329      8.8560302     0.45254105
      2.4000000     -1.2364701      1.4113722  -0.0015325907      8.8562461     0.45258988
      2.4000000     -1.2364916      1.4113524  -0.0016590200      8.8554588     0.45264322
      2.4000000     -1.2364891      1.4113492  -0.0016046603      8.8546108     0.45265345
      2.4000000     -1.2364732      1.4112723  -0.0014246486      8.8542696     0.45262612
      2.4000000     -1.2364907      1.4112644  -0.0013443729      8.8542967     0.45265944
      2.4000000     -1.2365128      1.4113092  -0.0013481610      8.8536345     0.45271048
      2.4000000     -1.2364959      1.4115014  -0.0013876841      8.8547485     0.45268259
      2.4000000     -1.2364773      1.4113950  -0.0015418762      8.8543142     0.45265065
      2.4000000     -1.2365031      1.4114356  -0.0013963672      8.8537867     0.45270836
      2.4000000     -1.2364733      1.4112909  -0.0011561382      8.8538854     0.45264954
      2.4000000     -1.2364574      1.4110971  -0.0013890951      8.8532213     0.45261877
      2.4000000     -1.2364457      1.4110424  -0.0013461378      8.8536452     0.45259014
      2.4000000     -1.2364482      1.4109645  -0.0014374396      8.8531765     0.45260897
      2.4000000     -1.2364256      1.4108969  -0.0014681143      8.8533722     0.45255558
      2.4000000     -1.2364190      1.4107839  -0.0014065861      8.8525998     0.45255307
      2.4000000     -1.2364272      1.4107247  -0.0014355147      8.8526662     0.45256013
      2.4000000     -1.2364312      1.4107744  -0.0012463212      8.8520996     0.45258252
      2.4000000     -1.2364397      1.4109013  -0.0010390997      8.8526626     0.45259731
      2.4000000     -1.2364366      1.4109087  -0.0011144540      8.8532065     0.45258274
      2.4000000     -1.2364451      1.4109947 -0.00089055424      8.8544381     0.45258346
      2.4000000     -1.2364433      1.4109963 -0.00090350278      8.8536003     0.45258032
      2.4000000     -1.2364328      1.4109482 -0.00080284882      8.8541292     0.45255281
      2.4000000     -1.2364314      1.4109494 -0.00084137535      8.8541644     0.45254551
      2.4000000     -1.2364307      1.4109520 -0.00077866874      8.8552207     0.45252490
      2.4000000     -1.2364330      1.4108976  -0.0011015117      8.8549600     0.45252450
      2.4000000     -1.2364006      1.4108308 -0.00089657862      8.8554445     0.45244743
      2.4000000     -1.2363909      1.4108985  -0.0012507500      8.8547164     0.45243807
      2.4000000     -1.2364138      1.4109149  -0.0012375509      8.8533852     0.45250792
      2.4000000     -1.2364114      1.4109322  -0.0013954505      8.8529009     0.45251409
      2.4000000     -1.2364344      1.4111060  -0.0013459204      8.8529296     0.45256174
      2.4000000     -1.2364444      1.4109919  -0.0012714315      8.8521491     0.45259412
      2.4000000     -1.2364365      1.4110912  -0.0013131156      8.8519286     0.45258520
      2.4000000     -1.2364526      1.4111687  -0.0015573081      8.8517421     0.45262553
      2.4000000     -1.2364575      1.4110802  -0.0016825293      8.8507611     0.45263381
      2.4000000     -1.2364445      1.4110762  -0.0015884959      8.8505565     0.45260505
      2.4000000     -1.2364301      1.4109670  -0.0015092850      8.8504269     0.45259099
      2.4000000     -1.2364121      1.4108290  -0.0014500645      8.8496359     0.45257117
      2.4000000     -1.2364328      1.4108249  -0.0014501133      8.8492214     0.45261612
      2.4000000     -1.2364457      1.4107380  -0.0016553252      8.8481257     0.45266177
      2.4000000     -1.2364520      1.4106533  -0.0019074641      8.8467310     0.45269841
      2.4000000     -1.2364870      1.4107920  -0.0018875622      8.8464137     0.45277448
      2.4000000     -1.2364917      1.4108874  -0.0018555661      8.8462993     0.45278981
      2.4000000     -1.2365043      1.4108701  -0.0018398093      8.8461013     0.45281162
      2.4000000     -1.2364993      1.4108495  -0.0017538809      8.8461710     0.45279805
      2.4000000     -1.2365121      1.4109822  -0.0016745699      8.8470618     0.45282064
      2.4000000     -1.2365161      1.4109943  -0.0017593812      8.8473031     0.45282099
      2.4000000     -1.2365312      1.4109632  -0.0017242453      8.8464520     0.45285349
      2.4000000     -1.2365297      1.4109922  -0.0016780569      8.8469113     0.45284722
      2.4000000     -1.2365404      1.4110617  -0.0017841303      8.8471352     0.45286418
      2.4000000     -1.2365432      1.4110596  -0.0019460494      8.8469626     0.45287103
      2.4000000     -1.2365562      1.4109751  -0.0021285687      8.8460260     0.45290915
      2.4000000     -1.2365407      1.4107181  -0.0021857077      8.8447467     0.45289095
      2.4000000     -1.2365290      1.4107207  -0.0022137839      8.8456410     0.45285013
      2.4000000     -1.2365068      1.4107966  -0.0021699741      8.8469095     0.45279929
      2.4000000     -1.2365107      1.4107636  -0.0020747023      8.8476519     0.45279898
      2.4000000     -1.2365007      1.4108079  -0.0021846781      8.8488924     0.45275149
      2.4000000     -1.2364951      1.4108784  -0.0020745939      8.8491054     0.45274400
      2.4000000     -1.2364825      1.4108150  -0.0021300132      8.8493509     0.45271605
      2.4000000     -1.2364934      1.4108884  -0.0021288542      8.8493337     0.45273677
      2.4000000     -1.2364890      1.4109246  -0.0022339565      8.8501665     0.45271824
      2.4000000     -1.2364702      1.4107192  -0.0023291559      8.8497301     0.45268128
      2.4000000     -1.2364676      1.4106522  -0.0021981840      8.8492474     0.45267661
      2.4000000     -1.2364613      1.4104221  -0.0023047644      8.8489207     0.45266272
      2.4000000     -1.2364594      1.4104977  -0.0022575446      8.8497506     0.45264206
      2.4000000     -1.2364720      1.4103274  -0.0022283174      8.8489424     0.45267144
      2.4000000     -1.2364473      1.4103286  -0.0022853261      8.8494878     0.45261094
      2.4000000     -1.2364401      1.4103398  -0.0020872291      8.8501773     0.45259015
      2.4000000     -1.2364596      1.4104362  -0.0020908644      8.8500962     0.45263221
      2.4000000     -1.2364348      1.4104473  -0.0020253008      8.8511981     0.45257688
      2.4000000     -1.2364580      1.4105636  -0.0018296827      8.8517260     0.45261661
      2.4000000     -1.2364615      1.4103954  -0.0018550292      8.8507115     0.45263685
      2.4000000     -1.2364577      1.4103817  -0.0017239228      8.8505760     0.45264210
      2.4000000     -1.2364832      1.4106144  -0.0017901457      8.8504762     0.45269752
      2.4000000     -1.2364803      1.4105954  -0.0017961281      8.8505911     0.45269057
      2.4000000     -1.2364869      1.4105247  -0.0016553288      8.8492618     0.45272049
      2.4000000     -1.2364870      1.4105256  -0.0015230877      8.8496276     0.45272509
      2.4000000     -1.2364930      1.4104569  -0.0014622165      8.8493409     0.45274184
      2.4000000     -1.2365003      1.4104570  -0.0011769949      8.8494244     0.45275294
      2.4000000     -1.2365098      1.4106129  -0.0011727089      8.8491096     0.45278090
      2.4000000     -1.2364891      1.4106457  -0.0011121232      8.8500024     0.45273413
      2.4000000     -1.2364803      1.4105786 -0.00098167179      8.8500428     0.45270934
      2.4000000     -1.2364788      1.4105161 -0.00099428745      8.8498227     0.45270091
      2.4000000     -1.2364590      1.4106069 -0.00092360934      8.8505344     0.45266227
      2.4000000     -1.2364777      1.4106798 -0.00083120562      8.8501655     0.45269686
      2.4000000     -1.2364867      1.4105459 -0.00091865561      8.8481664     0.45274885
      2.4000000     -1.2364650      1.4105580 -0.00091191592      8.8487840     0.45269828
      2.4000000     -1.2364580      1.4106012  -0.0011109784      8.8493470     0.45268751
      2.4000000     -1.2364444      1.4105014  -0.0010134511      8.8495790     0.45265190
      2.4000000     -1.2364505      1.4105245 -0.00085403109      8.8500314     0.45265042
      2.4000000     -1.2364531      1.4105538  -0.0010966065      8.8504260     0.45266268
      2.4000000     -1.2364526      1.4104951  -0.0010406177      8.8500807     0.45266508
      2.4000000     -1.2364551      1.4105791 -0.00095542099      8.8497270     0.45269020
      2.4000000     -1.2364577      1.4105320 -0.00068638321      8.8495117     0.45269626
      2.4000000     -1.2364647      1.4106117 -0.00081846280      8.8498826     0.45271316
      2.4000000     -1.2364754      1.4106484 -0.00065609635      8.8491798     0.45275282
      2.4000000     -1.2364825      1.4106388 -0.00076178805      8.8489871     0.45276453
      2.4000000     -1.2364932      1.4106892 -0.00061141457      8.8485369     0.45280210
      2.4000000     -1.2365035      1.4107505 -0.00073761230      8.8480559     0.45283926
      2.4000000     -1.2365042      1.4107527  -0.0010565294      8.8485269     0.45283732
      2.4000000     -1.2365236      1.4107053 -0.00081779725      8.8482106     0.45287478
      2.4000000     -1.2365226      1.4106286 -0.00095186375      8.8487417     0.45286480
      2.4000000     -1.2365366      1.4106248  -0.0011286217      8.8483549     0.45289393
      2.4000000     -1.2365228      1.4105749  -0.0012167375      8.8490565     0.45285171
      2.4000000     -1.2365281      1.4106801  -0.0011296021      8.8498649     0.45284843
      2.4000000     -1.2365324      1.4106185  -0.0010224235      8.8493327     0.45286400
      2.4000000     -1.2365435      1.4106546  -0.0010763012      8.8491652     0.45288523
      2.4000000     -1.2365446      1.4106179 -0.00093204156      8.8492230     0.45288923
      2.4000000     -1.2365313      1.4106687 -0.00091352354      8.8493355     0.45286828
      2.4000000     -1.2365206      1.4106405 -0.00081078713      8.8493367     0.45285072
      2.4000000     -1.2365145      1.4106483 -0.00086276452      8.8499411     0.45282715
      2.4000000     -1.2365081      1.4107094 -0.00089970556      8.8497419     0.45282570
      2.4000000     -1.2364964      1.4106878 -0.00091104131      8.8491838     0.45281057
      2.4000000     -1.2365076      1.4106915  -0.0011182069      8.8485724     0.45284498
      2.4000000     -1.2365035      1.4108033  -0.0011073001      8.8500493     0.45282543
      2.4000000     -1.2365092      1.4107235  -0.0011228532      8.8500650     0.45283456
      2.4000000     -1.2365157      1.4107646  -0.0012351712      8.8498207     0.45286060
      2.4000000     -1.2365413      1.4108607  -0.0010649406      8.8494017     0.45291639
      2.4000000     -1.2365359      1.4108708  -0.0013286916      8.8498649     0.45290875
      2.4000000     -1.2365429      1.4110493  -0.0012945189      8.8507930     0.45291517
      2.4000000     -1.2365499      1.4110752  -0.0011978694      8.8505338     0.45293366
      2.4000000     -1.2365525      1.4110856  -0.0014468976      8.8509633     0.45293275
      2.4000000     -1.2365455      1.4111183  -0.0012036766      8.8506484     0.45293220
      2.4000000     -1.2365536      1.4111419  -0.0011252518      8.8505319     0.45295587
      2.4000000     -1.2365716      1.4112032  -0.0013326968      8.8499276     0.45300180
      2.4000000     -1.2365641      1.4111853  -0.0014969357      8.8512663     0.45296497
      2.4000000     -1.2365627      1.4111663  -0.0015378794      8.8518446     0.45295528
      2.4000000     -1.2365659      1.4112037  -0.0016056398      8.8524161     0.45294993
      2.4000000     -1.2365445      1.4111344  -0.0016511360      8.8519156     0.45291428
      2.4000000     -1.2365637      1.4112043  -0.0016112228      8.8522222     0.45294673
      2.4000000     -1.2365565      1.4111043  -0.0016344270      8.8515647     0.45294553
      2.4000000     -1.2365708      1.4111689  -0.0016232355      8.8510703     0.45299065
      2.4000000     -1.2365772      1.4110757  -0.0014607744      8.8504525     0.45301683
      2.4000000     -1.2365798      1.4109753  -0.0012871863      8.8497324     0.45303207
      2.4000000     -1.2365712      1.4110139  -0.0012329142      8.8507131     0.45300463
      2.4000000     -1.2365786      1.4109527  -0.0012507164      8.8501707     0.45303476
      2.4000000     -1.2366007      1.4110396  -0.0012230168      8.8489854     0.45309566
      2.4000000     -1.2366144      1.4111411  -0.0014202907      8.8483772     0.45313934
      2.4000000     -1.2366227      1.4111706  -0.0011968214      8.8485204     0.45316739
      2.4000000     -1.2366138      1.4110519  -0.0012624600      8.8480607     0.45314488
      2.4000000     -1.2366172      1.4109941  -0.0012834058      8.8481571     0.45315392
      2.4000000     -1.2366309      1.4109459  -0.0013836726      8.8476892     0.45318667
      2.4000000     -1.2366434      1.4110771  -0.0012994483      8.8478706     0.45321130
      2.4000000     -1.2366466      1.4111347  -0.0011112702      8.8484241     0.45321551
      2.4000000     -1.2366413      1.4110757  -0.0011842770      8.8481872     0.45320441
      2.4000000     -1.2366341      1.4109913  -0.0013333614      8.8478525     0.45318668
      2.4000000     -1.2366384      1.4108725  -0.0014065213      8.8465826     0.45320987
      2.4000000     -1.2366348      1.4108737  -0.0015112476      8.8467244     0.45319905
      2.4000000     -1.2366431      1.4109274  -0.0013577119      8.8474410     0.45320304
      2.4000000     -1.2366389      1.4108618  -0.0015747877      8.8476694     0.45319306
      2.4000000     -1.2366403      1.4108692  -0.0015374729      8.8481770     0.45318337
      2.4000000     -1.2366476      1.4108834  -0.0017219647      8.8482341     0.45318518
      2.4000000     -1.2366747      1.4110125  -0.0017394501      8.8477659     0.45323594
      2.4000000     -1.2366703      1.4109715  -0.0017434695      8.8470418     0.45322807
      2.4000000     -1.2366818      1.4110613  -0.0013960100      8.8476191     0.45323988
      2.4000000     -1.2366799      1.4110750  -0.0010997775      8.8481125     0.45322918
      2.4000000     -1.2366643      1.4109074  -0.0011133035      8.8484809     0.45318830
      2.4000000     -1.2366521      1.4108187  -0.0010169591      8.8487232     0.45315104
      2.4000000     -1.2366453      1.4107328 -0.00098797025      8.8486307     0.45312792
      2.4000000     -1.2366480      1.4107052  -0.0010789388      8.8482765     0.45314160
      2.4000000     -1.2366506      1.4106667  -0.0012924395      8.8476938     0.45315391
      2.4000000     -1.2366419      1.4105598  -0.0014317634      8.8474682     0.45313861
      2.4000000     -1.2366402      1.4105741  -0.0013860232      8.8476210     0.45312776
      2.4000000     -1.2366274      1.4104646  -0.0012940673      8.8482853     0.45308522
      2.4000000     -1.2366364      1.4105418  -0.0014713946      8.8482682     0.45311437
      2.4000000     -1.2366486      1.4105735  -0.0014589462      8.8480483     0.45314927
      2.4000000     -1.2366327      1.4105022  -0.0015486827      8.8479555     0.45311206
      2.4000000     -1.2366370      1.4104967  -0.0016242292      8.8474457     0.45313310
      2.4000000     -1.2366493      1.4104907  -0.0015901430      8.8473588     0.45314913
      2.4000000     -1.2366559      1.4104734  -0.0015503370      8.8469685     0.45315698
      2.4000000     -1.2366679      1.4105421  -0.0017140938      8.8460127     0.45320485
      2.4000000     -1.2366688      1.4105630  -0.0016723098      8.8459635     0.45320544
      2.4000000     -1.2366574      1.4105484  -0.0015917687      8.8461826     0.45318270
      2.4000000     -1.2366656      1.4105550  -0.0014557964      8.8456418     0.45320422
      2.4000000     -1.2366839      1.4105278  -0.0016344147      8.8448006     0.45325461
      2.4000000     -1.2366842      1.4105805  -0.0014835343      8.8444669     0.45325982
      2.4000000     -1.2366928      1.4105830  -0.0016419269      8.8439738     0.45327167
      2.4000000     -1.2366847      1.4104891  -0.0014183836      8.8438055     0.45325541
      2.4000000     -1.2366560      1.4104833  -0.0015864493      8.8452866     0.45318749
      2.4000000     -1.2366461      1.4105312  -0.0014041207      8.8469803     0.45315060
      2.4000000     -1.2366512      1.4105063  -0.0013831894      8.8465996     0.45316224
      2.4000000     -1.2366426      1.4104317  -0.0013018932      8.8461530     0.45314963
      2.4000000     -1.2366349      1.4103997  -0.0011798706      8.8459174     0.45312518
      2.4000000     -1.2366454      1.4104840  -0.0012751298      8.8463959     0.45314375
      2.4000000     -1.2366417      1.4103901  -0.0015112497      8.8465846     0.45313166
      2.4000000     -1.2366202      1.4103442  -0.0015417890      8.8470134     0.45307494
      2.4000000     -1.2366109      1.4102981  -0.0015627644      8.8471565     0.45305739
      2.4000000     -1.2365939      1.4101940  -0.0014729791      8.8473021     0.45302294
      2.4000000     -1.2365915      1.4101236  -0.0016137136      8.8476864     0.45301127
      2.4000000     -1.2365830      1.4100175  -0.0017242134      8.8474673     0.45299431
      2.4000000     -1.2365873      1.4100123  -0.0017731676      8.8481543     0.45299127
      2.4000000     -1.2365840      1.4099218  -0.0014530792      8.8474628     0.45299399
      2.4000000     -1.2365700      1.4098935  -0.0015564119      8.8472923     0.45297107
      2.4000000     -1.2365596      1.4098117  -0.0015570936      8.8470838     0.45294902
      2.4000000     -1.2365672      1.4097752  -0.0015748712      8.8469187     0.45296189
      2.4000000     -1.2365532      1.4097670  -0.0014517019      8.8473619     0.45292657
      2.4000000     -1.2365408      1.4097965  -0.0015762056      8.8479467     0.45289581
      2.4000000     -1.2365463      1.4098112  -0.0015693538      8.8474589     0.45292171
      2.4000000     -1.2365392      1.4098800  -0.0015219236      8.8474259     0.45290183
      2.4000000     -1.2365347      1.4099081  -0.0014648653      8.8476505     0.45289816
      2.4000000     -1.2365457      1.4098774  -0.0016680567      8.8473449     0.45292075
      2.4000000     -1.2365799      1.4100832  -0.0016602328      8.8473739     0.45299116
      2.4000000     -1.2366000      1.4101178  -0.0015080139      8.8469073     0.45303950
      2.4000000     -1.2365822      1.4101291  -0.0016483331      8.8475089     0.45299065
      2.4000000     -1.2365605      1.4100797  -0.0014220725      8.8480726     0.45294542
      2.4000000     -1.2365737      1.4101500  -0.0013522152      8.8482997     0.45296861
      2.4000000     -1.2365751      1.4100832  -0.0015535702      8.8471011     0.45298869
      2.4000000     -1.2365761      1.4101233  -0.0014682423      8.8472822     0.45298775
      2.4000000     -1.2365861      1.4102102  -0.0015184879      8.8473852     0.45301104
      2.4000000     -1.2365909      1.4103704  -0.0014166222      8.8484145     0.45301663
      2.4000000     -1.2366016      1.4105468  -0.0013376414      8.8492494     0.45303314
      2.4000000     -1.2365934      1.4104587  -0.0012934126      8.8487841     0.45302762
      2.4000000     -1.2365850      1.4105088  -0.0013177316      8.8490349     0.45300847
      2.4000000     -1.2365875      1.4105573  -0.0014304984      8.8495228     0.45300707
      2.4000000     -1.2365822      1.4104915  -0.0015331046      8.8489902     0.45300057
      2.4000000     -1.2365762      1.4103821  -0.0014449004      8.8486448     0.45297832
      2.4000000     -1.2365710      1.4103864  -0.0015198486      8.8486497     0.45297193
      2.4000000     -1.2365625      1.4102237  -0.0015436190      8.8485309     0.45295187
      2.4000000     -1.2365611      1.4102067  -0.0016711243      8.8492659     0.45293520
      2.4000000     -1.2365764      1.4103884  -0.0017965408      8.8502410     0.45294817
      2.4000000     -1.2366020      1.4104070  -0.0017828487      8.8499040     0.45299381
      2.4000000     -1.2366101      1.4103719  -0.0018660582      8.8492477     0.45301752
      2.4000000     -1.2366074      1.4103728  -0.0017326976      8.8496578     0.45301270
      2.4000000     -1.2366080      1.4104635  -0.0017354902      8.8492913     0.45302500
      2.4000000     -1.2366152      1.4104767  -0.0015960027      8.8496059     0.45302832
      2.4000000     -1.2366065      1.4104537  -0.0014642197      8.8496077     0.45300838
      2.4000000     -1.2366134      1.4105249  -0.0013340178      8.8500608     0.45302176
      2.4000000     -1.2366106      1.4104854  -0.0013581409      8.8500256     0.45301766
      2.4000000     -1.2366103      1.4104168  -0.0013974088      8.8494975     0.45302377
      2.4000000     -1.2365968      1.4103670  -0.0012403648      8.8504241     0.45297727
      2.4000000     -1.2365924      1.4103759  -0.0013338531      8.8499605     0.45297332
      2.4000000     -1.2366034      1.4103442  -0.0013508274      8.8492956     0.45300067
      2.4000000     -1.2366093      1.4104695  -0.0013942019      8.8491591     0.45302367
      2.4000000     -1.2366155      1.4105364  -0.0013572822      8.8486840     0.45304719
      2.4000000     -1.2366255      1.4106518  -0.0011373087      8.8488669     0.45306517
      2.4000000     -1.2366315      1.4107132  -0.0011563480      8.8487876     0.45308014
      2.4000000     -1.2366332      1.4106692  -0.0011793770      8.8485191     0.45308684
      2.4000000     -1.2366505      1.4107334  -0.0013265321      8.8489490     0.45311677
      2.4000000     -1.2366572      1.4108021  -0.0012036067      8.8496123     0.45312358
      2.4000000     -1.2366512      1.4108187  -0.0011250517      8.8496886     0.45311984
      2.4000000     -1.2366570      1.4108431 -0.00096215176      8.8499131     0.45312201
      2.4000000     -1.2366673      1.4108683 -0.00075016436      8.8504131     0.45313189
      2.4000000     -1.2366634      1.4108734 -0.00079470191      8.8504656     0.45312502
      2.4000000     -1.2366431      1.4109206 -0.00088221338      8.8512399     0.45307501
      2.4000000     -1.2366460      1.4109476 -0.00060343107      8.8513751     0.45307443
      2.4000000     -1.2366516      1.4110090 -0.00074390890      8.8508352     0.45309853
      2.4000000     -1.2366393      1.4110021 -0.00082597037      8.8510724     0.45306725
      2.4000000     -1.2366266      1.4109889 -0.00085155180      8.8509772     0.45304000
      2.4000000     -1.2366048      1.4108580 -0.00073523812      8.8503318     0.45300198
      2.4000000     -1.2366119      1.4108707 -0.00089832753      8.8504547     0.45302083
      2.4000000     -1.2366220      1.4109051 -0.00085649157      8.8506085     0.45304410
      2.4000000     -1.2366214      1.4109356 -0.00077289105      8.8507985     0.45303978
      2.4000000     -1.2366161      1.4109715 -0.00083553417      8.8503898     0.45304307
      2.4000000     -1.2366078      1.4109833 -0.00078551576      8.8510376     0.45301440
      2.4000000     -1.2366147      1.4110958 -0.00077187461      8.8511902     0.45302146
      2.4000000     -1.2366086      1.4109972 -0.00073050314      8.8507176     0.45301107
      2.4000000     -1.2366011      1.4109299 -0.00082371675      8.8515362     0.45297833
      2.4000000     -1.2366070      1.4109558 -0.00083935460      8.8510106     0.45299714
      2.4000000     -1.2366171      1.4108730 -0.00091039237      8.8502868     0.45302341
      2.4000000     -1.2366012      1.4108630 -0.00076149635      8.8505824     0.45298017
      2.4000000     -1.2366029      1.4108305 -0.00084174818      8.8496458     0.45300101
      2.4000000     -1.2366019      1.4108874 -0.00085965573      8.8498681     0.45299664
      2.4000000     -1.2366054      1.4109014 -0.00073550416      8.8492304     0.45300572
      2.4000000     -1.2366073      1.4109350 -0.00069534356      8.8493636     0.45300989
      2.4000000     -1.2365967      1.4108591 -0.00061193614      8.8491242     0.45298778
      2.4000000     -1.2365878      1.4108369 -0.00065928734      8.8489094     0.45297259
      2.4000000     -1.2366176      1.4109820 -0.00056012332      8.8493042     0.45303816
      2.4000000     -1.2366105      1.4109715 -0.00061670238      8.8496762     0.45301985
      2.4000000     -1.2366007      1.4108922 -0.00056440693      8.8493262     0.45300155
      2.4000000     -1.2365907      1.4107954 -0.00077761622      8.8494661     0.45297608
      2.4000000     -1.2366049      1.4108160 -0.00074458720      8.8487853     0.45301888
      2.4000000     -1.2366021      1.4108132 -0.00074728969      8.8487194     0.45301386
      2.4000000     -1.2365835      1.4107809 -0.00070811895      8.8493382     0.45296241
      2.4000000     -1.2365945      1.4108376 -0.00055588374      8.8489762     0.45298944
      2.4000000     -1.2365961      1.4109110 -0.00044021377      8.8492905     0.45299055
      2.4000000     -1.2366076      1.4109542 -0.00029097433      8.8492909     0.45301284
      2.4000000     -1.2366169      1.4110192 -0.00046673077      8.8494876     0.45303184
      2.4000000     -1.2366158      1.4110700 -0.00077010912      8.8489532     0.45304114
      2.4000000     -1.2365958      1.4110636 -0.00085308802      8.8494417     0.45299778
      2.4000000     -1.2365933      1.4110009 -0.00092012423      8.8491194     0.45299454
      2.4000000     -1.2365932      1.4109776 -0.00099966803      8.8489393     0.45299400
      2.4000000     -1.2365792      1.4108646 -0.00086936939      8.8474997     0.45298583
      2.4000000     -1.2365865      1.4108897 -0.00063848165      8.8464395     0.45301618
      2.4000000     -1.2365824      1.4108792 -0.00072559369      8.8470310     0.45300013
      2.4000000     -1.2365758      1.4108786 -0.00073755137      8.8468562     0.45298056
      2.4000000     -1.2365738      1.4109860 -0.00072109045      8.8474486     0.45298103
      2.4000000     -1.2365832      1.4110776 -0.00089039188      8.8477978     0.45299809
      2.4000000     -1.2365839      1.4111542 -0.00096717495      8.8482696     0.45299792
      2.4000000     -1.2365693      1.4110813 -0.00092045390      8.8483498     0.45296028
      2.4000000     -1.2365713      1.4110216 -0.00075734464      8.8489880     0.45295558
      2.4000000     -1.2365612      1.4111946 -0.00067760819      8.8504638     0.45292667
      2.4000000     -1.2365585      1.4111230 -0.00071931414      8.8497440     0.45293531
      2.4000000     -1.2365578      1.4110375 -0.00060462361      8.8489294     0.45293976
      2.4000000     -1.2365609      1.4110953 -0.00061989819      8.8491613     0.45293798
      2.4000000     -1.2365715      1.4111854 -0.00046614350      8.8493673     0.45295795
      2.4000000     -1.2365791      1.4112025 -0.00046380634      8.8494030     0.45297216
      2.4000000     -1.2365678      1.4111624 -0.00032642915      8.8491764     0.45295753
      2.4000000     -1.2365626      1.4110748 -0.00034047641      8.8490406     0.45293886
      2.4000000     -1.2365586      1.4109850 -0.00038772116      8.8483721     0.45292782
      2.4000000     -1.2365645      1.4109304 -0.00031217335      8.8479108     0.45294167
      2.4000000     -1.2365631      1.4109854 -0.00029255706      8.8480718     0.45294700
      2.4000000     -1.2365580      1.4109521 -0.00028165500      8.8479914     0.45293343
