T     E/N       E-var/TT       M/N       M-var/T       Mabs/N       
      1.0000000     -1.9972420     0.18042137     0.99924500    0.041361990     0.99924500
      1.0000000     -1.9971430     0.10235502     0.99924450    0.021503688     0.99924450
      1.0000000     -1.9971700    0.076044440     0.99925933    0.014869898     0.99925933
      1.0000000     -1.9971550    0.063096390     0.99925900    0.011577868     0.99925900
      1.0000000     -1.9971634    0.055145480     0.99926460   0.0095720747     0.99926460
      1.0000000     -1.9971655    0.049732244     0.99926692   0.0082315355     0.99926692
      1.0000000     -1.9971547    0.045941740     0.99926614   0.0072734386     0.99926614
      1.0000000     -1.9971652    0.042990677     0.99926956   0.0065537094     0.99926956
      1.0000000     -1.9971801    0.040665068     0.99927456   0.0059872699     0.99927456
      1.0000000     -1.9971822    0.038959201     0.99927570   0.0055465558     0.99927570
      1.0000000     -1.9971783    0.037500597     0.99927536   0.0051805063     0.99927536
      1.0000000     -1.9971671    0.036426167     0.99927300   0.0048860884     0.99927300
      1.0000000     -1.9971538    0.035563456     0.99927008   0.0046395003     0.99927008
      1.0000000     -1.9971689    0.034573728     0.99927414   0.0044125383     0.99927414
      1.0000000     -1.9971709    0.033855202     0.99927493   0.0042242447     0.99927493
      1.0000000     -1.9971739    0.033147598     0.99927600   0.0040538296     0.99927600
      1.0000000     -1.9971627    0.032657552     0.99927309   0.0039150515     0.99927309
      1.0000000     -1.9971703    0.032114528     0.99927536   0.0037812372     0.99927536
      1.0000000     -1.9971638    0.031715417     0.99927403   0.0036674480     0.99927403
      1.0000000     -1.9971607    0.031330237     0.99927332   0.0035645274     0.99927332
      1.0000000     -1.9971625    0.030909669     0.99927395   0.0034660943     0.99927395
      1.0000000     -1.9971636    0.030551835     0.99927439   0.0033784394     0.99927439
      1.0000000     -1.9971639    0.030238024     0.99927470   0.0032985300     0.99927470
      1.0000000     -1.9971652    0.029928344     0.99927519   0.0032243171     0.99927519
      1.0000000     -1.9971653    0.029626705     0.99927514   0.0031577112     0.99927514
      1.0000000     -1.9971654    0.029360069     0.99927535   0.0030939507     0.99927535
      1.0000000     -1.9971664    0.029135773     0.99927574   0.0030365498     0.99927574
      1.0000000     -1.9971601    0.028995861     0.99927421   0.0029884369     0.99927421
      1.0000000     -1.9971548    0.028856678     0.99927293   0.0029433069     0.99927293
      1.0000000     -1.9971585    0.028624884     0.99927392   0.0028941545     0.99927392
      1.0000000     -1.9971614    0.028444192     0.99927473   0.0028502038     0.99927473
      1.0000000     -1.9971590    0.028303934     0.99927412   0.0028114922     0.99927412
      1.0000000     -1.9971636    0.028108614     0.99927539   0.0027703421     0.99927539
      1.0000000     -1.9971664    0.027950613     0.99927610   0.0027347127     0.99927610
      1.0000000     -1.9971655    0.027826570     0.99927599   0.0027011499     0.99927599
      1.0000000     -1.9971649    0.027709128     0.99927582   0.0026700861     0.99927582
      1.0000000     -1.9971669    0.027570480     0.99927647   0.0026382521     0.99927647
      1.0000000     -1.9971667    0.027468673     0.99927646   0.0026106752     0.99927646
      1.0000000     -1.9971699    0.027339387     0.99927727   0.0025825769     0.99927727
      1.0000000     -1.9971686    0.027245556     0.99927691   0.0025577328     0.99927691
      1.0000000     -1.9971644    0.027183880     0.99927593   0.0025354579     0.99927593
      1.0000000     -1.9971629    0.027093458     0.99927546   0.0025133763     0.99927546
      1.0000000     -1.9971602    0.027037293     0.99927480   0.0024932865     0.99927480
      1.0000000     -1.9971549    0.026994183     0.99927347   0.0024749729     0.99927347
      1.0000000     -1.9971571    0.026874571     0.99927407   0.0024519639     0.99927407
      1.0000000     -1.9971566    0.026803926     0.99927401   0.0024327194     0.99927401
      1.0000000     -1.9971541    0.026761669     0.99927332   0.0024170293     0.99927332
      1.0000000     -1.9971545    0.026693419     0.99927350   0.0023989624     0.99927350
      1.0000000     -1.9971566    0.026607797     0.99927399   0.0023811841     0.99927399
      1.0000000     -1.9971596    0.026511822     0.99927487   0.0023621746     0.99927487
      1.0000000     -1.9971614    0.026443074     0.99927530   0.0023463772     0.99927530
      1.0000000     -1.9971639    0.026369382     0.99927592   0.0023306312     0.99927592
      1.0000000     -1.9971649    0.026311268     0.99927613   0.0023170099     0.99927613
      1.0000000     -1.9971653    0.026245518     0.99927633   0.0023016708     0.99927633
      1.0000000     -1.9971674    0.026178437     0.99927688   0.0022874037     0.99927688
      1.0000000     -1.9971672    0.026130366     0.99927682   0.0022750194     0.99927682
      1.0000000     -1.9971669    0.026083591     0.99927677   0.0022627414     0.99927677
      1.0000000     -1.9971649    0.026054885     0.99927624   0.0022522970     0.99927624
      1.0000000     -1.9971645    0.026012422     0.99927612   0.0022410763     0.99927612
      1.0000000     -1.9971625    0.025999884     0.99927557   0.0022326452     0.99927557
      1.0000000     -1.9971653    0.025929115     0.99927630   0.0022196036     0.99927630
      1.0000000     -1.9971630    0.025903512     0.99927577   0.0022099407     0.99927577
      1.0000000     -1.9971599    0.025892737     0.99927494   0.0022023798     0.99927494
      1.0000000     -1.9971606    0.025848636     0.99927517   0.0021917247     0.99927517
      1.0000000     -1.9971641    0.025782366     0.99927608   0.0021801588     0.99927608
      1.0000000     -1.9971609    0.025768484     0.99927525   0.0021726980     0.99927525
      1.0000000     -1.9971599    0.025736900     0.99927503   0.0021637972     0.99927503
      1.0000000     -1.9971616    0.025691040     0.99927551   0.0021539014     0.99927551
      1.0000000     -1.9971618    0.025645875     0.99927563   0.0021442749     0.99927563
      1.0000000     -1.9971620    0.025616171     0.99927569   0.0021362904     0.99927569
      1.0000000     -1.9971604    0.025595501     0.99927524   0.0021292410     0.99927524
      1.0000000     -1.9971596    0.025577075     0.99927502   0.0021224704     0.99927502
      1.0000000     -1.9971605    0.025539240     0.99927525   0.0021144312     0.99927525
      1.0000000     -1.9971596    0.025509549     0.99927508   0.0021066619     0.99927508
      1.0000000     -1.9971585    0.025482450     0.99927479   0.0020997596     0.99927479
      1.0000000     -1.9971606    0.025428594     0.99927529   0.0020912337     0.99927529
      1.0000000     -1.9971611    0.025398902     0.99927541   0.0020845976     0.99927541
      1.0000000     -1.9971612    0.025374504     0.99927547   0.0020778034     0.99927547
      1.0000000     -1.9971616    0.025347408     0.99927555   0.0020714996     0.99927555
      1.0000000     -1.9971596    0.025333986     0.99927504   0.0020660717     0.99927504
      1.0000000     -1.9971583    0.025312527     0.99927471   0.0020599397     0.99927471
      1.0000000     -1.9971555    0.025299806     0.99927405   0.0020544418     0.99927405
      1.0000000     -1.9971559    0.025275998     0.99927413   0.0020487009     0.99927413
      1.0000000     -1.9971545    0.025261409     0.99927376   0.0020435397     0.99927376
      1.0000000     -1.9971541    0.025244019     0.99927367   0.0020382253     0.99927367
      1.0000000     -1.9971555    0.025206684     0.99927406   0.0020315755     0.99927406
      1.0000000     -1.9971558    0.025180135     0.99927411   0.0020263250     0.99927411
      1.0000000     -1.9971564    0.025154493     0.99927430   0.0020203639     0.99927430
      1.0000000     -1.9971567    0.025125582     0.99927438   0.0020147397     0.99927438
      1.0000000     -1.9971560    0.025103986     0.99927419   0.0020097904     0.99927419
      1.0000000     -1.9971565    0.025076397     0.99927429   0.0020043607     0.99927429
      1.0000000     -1.9971566    0.025064734     0.99927430   0.0020002594     0.99927430
      1.0000000     -1.9971549    0.025057770     0.99927390   0.0019962962     0.99927390
      1.0000000     -1.9971537    0.025047132     0.99927363   0.0019918606     0.99927363
      1.0000000     -1.9971539    0.025035970     0.99927363   0.0019882472     0.99927363
      1.0000000     -1.9971541    0.025023702     0.99927365   0.0019845263     0.99927365
      1.0000000     -1.9971531    0.025016758     0.99927342   0.0019805867     0.99927342
      1.0000000     -1.9971525    0.025006382     0.99927325   0.0019772746     0.99927325
      1.0000000     -1.9971518    0.025000264     0.99927304   0.0019741140     0.99927304
      1.0000000     -1.9971510    0.024988800     0.99927287   0.0019700599     0.99927287
      1.0000000     -1.9971520    0.024968062     0.99927310   0.0019659261     0.99927310
      1.0000000     -1.9971516    0.024961976     0.99927303   0.0019625075     0.99927303
      1.0000000     -1.9971532    0.024932559     0.99927346   0.0019577081     0.99927346
      1.0000000     -1.9971547    0.024898964     0.99927385   0.0019526888     0.99927385
      1.0000000     -1.9971554    0.024883567     0.99927404   0.0019488870     0.99927404
      1.0000000     -1.9971565    0.024864547     0.99927429   0.0019451507     0.99927429
      1.0000000     -1.9971584    0.024835148     0.99927478   0.0019407721     0.99927478
      1.0000000     -1.9971586    0.024823773     0.99927482   0.0019374879     0.99927482
      1.0000000     -1.9971576    0.024816360     0.99927458   0.0019343125     0.99927458
      1.0000000     -1.9971587    0.024790203     0.99927486   0.0019301254     0.99927486
      1.0000000     -1.9971585    0.024780107     0.99927482   0.0019270032     0.99927482
      1.0000000     -1.9971593    0.024759846     0.99927503   0.0019233485     0.99927503
      1.0000000     -1.9971596    0.024737957     0.99927514   0.0019193365     0.99927514
      1.0000000     -1.9971600    0.024713995     0.99927528   0.0019152286     0.99927528
      1.0000000     -1.9971600    0.024700637     0.99927529   0.0019118928     0.99927529
      1.0000000     -1.9971608    0.024676710     0.99927554   0.0019077951     0.99927554
      1.0000000     -1.9971591    0.024684112     0.99927507   0.0019067298     0.99927507
      1.0000000     -1.9971607    0.024654433     0.99927547   0.0019026474     0.99927547
      1.0000000     -1.9971610    0.024641199     0.99927557   0.0018994486     0.99927557
      1.0000000     -1.9971619    0.024628614     0.99927582   0.0018964067     0.99927582
      1.0000000     -1.9971640    0.024602498     0.99927635   0.0018928281     0.99927635
      1.0000000     -1.9971633    0.024598263     0.99927619   0.0018905207     0.99927619
      1.0000000     -1.9971657    0.024565748     0.99927682   0.0018861766     0.99927682
      1.0000000     -1.9971662    0.024548798     0.99927695   0.0018830578     0.99927695
      1.0000000     -1.9971660    0.024542463     0.99927688   0.0018810413     0.99927688
      1.0000000     -1.9971651    0.024537158     0.99927668   0.0018786986     0.99927668
      1.0000000     -1.9971653    0.024524915     0.99927677   0.0018758055     0.99927677
      1.0000000     -1.9971652    0.024520133     0.99927673   0.0018736822     0.99927673
      1.0000000     -1.9971658    0.024508153     0.99927689   0.0018709287     0.99927689
      1.0000000     -1.9971668    0.024489630     0.99927717   0.0018679040     0.99927717
      1.0000000     -1.9971676    0.024472870     0.99927737   0.0018650439     0.99927737
      1.0000000     -1.9971682    0.024461914     0.99927754   0.0018625473     0.99927754
      1.0000000     -1.9971668    0.024468054     0.99927717   0.0018612844     0.99927717
      1.0000000     -1.9971667    0.024455841     0.99927717   0.0018587145     0.99927717
      1.0000000     -1.9971662    0.024449668     0.99927704   0.0018565986     0.99927704
      1.0000000     -1.9971676    0.024431658     0.99927741   0.0018536612     0.99927741
      1.0000000     -1.9971668    0.024424625     0.99927722   0.0018515992     0.99927722
      1.0000000     -1.9971656    0.024423844     0.99927691   0.0018500320     0.99927691
      1.0000000     -1.9971665    0.024406394     0.99927714   0.0018474479     0.99927714
      1.0000000     -1.9971668    0.024395917     0.99927721   0.0018453323     0.99927721
      1.0000000     -1.9971664    0.024390491     0.99927711   0.0018434238     0.99927711
      1.0000000     -1.9971663    0.024387661     0.99927707   0.0018420386     0.99927707
      1.0000000     -1.9971653    0.024391303     0.99927680   0.0018408511     0.99927680
      1.0000000     -1.9971653    0.024378759     0.99927682   0.0018385540     0.99927682
      1.0000000     -1.9971650    0.024377497     0.99927673   0.0018371853     0.99927673
      1.0000000     -1.9971649    0.024368459     0.99927673   0.0018350141     0.99927673
      1.0000000     -1.9971647    0.024362032     0.99927670   0.0018332979     0.99927670
      1.0000000     -1.9971647    0.024358802     0.99927669   0.0018318232     0.99927669
      1.0000000     -1.9971654    0.024345851     0.99927686   0.0018295604     0.99927686
      1.0000000     -1.9971638    0.024353713     0.99927646   0.0018288407     0.99927646
      1.0000000     -1.9971636    0.024345331     0.99927641   0.0018269117     0.99927641
      1.0000000     -1.9971649    0.024325025     0.99927678   0.0018240196     0.99927678
      1.0000000     -1.9971639    0.024326455     0.99927653   0.0018228845     0.99927653
      1.0000000     -1.9971631    0.024327550     0.99927632   0.0018216911     0.99927632
      1.0000000     -1.9971639    0.024315259     0.99927655   0.0018194554     0.99927655
      1.0000000     -1.9971643    0.024304837     0.99927663   0.0018175605     0.99927663
      1.0000000     -1.9971642    0.024304709     0.99927660   0.0018165188     0.99927660
      1.0000000     -1.9971639    0.024294233     0.99927652   0.0018145966     0.99927652
      1.0000000     -1.9971640    0.024285120     0.99927657   0.0018127490     0.99927657
      1.0000000     -1.9971638    0.024282927     0.99927652   0.0018114255     0.99927652
      1.0000000     -1.9971639    0.024274766     0.99927655   0.0018096647     0.99927655
      1.0000000     -1.9971625    0.024280860     0.99927618   0.0018090956     0.99927618
      1.0000000     -1.9971618    0.024276633     0.99927603   0.0018076155     0.99927603
      1.0000000     -1.9971616    0.024273431     0.99927597   0.0018062222     0.99927597
      1.0000000     -1.9971614    0.024263333     0.99927595   0.0018042972     0.99927595
      1.0000000     -1.9971615    0.024259056     0.99927599   0.0018028683     0.99927599
      1.0000000     -1.9971618    0.024249242     0.99927606   0.0018010828     0.99927606
      1.0000000     -1.9971635    0.024226517     0.99927651   0.0017984474     0.99927651
      1.0000000     -1.9971642    0.024214743     0.99927670   0.0017966189     0.99927670
      1.0000000     -1.9971632    0.024222905     0.99927642   0.0017964101     0.99927642
      1.0000000     -1.9971622    0.024226503     0.99927616   0.0017955982     0.99927616
      1.0000000     -1.9971630    0.024209982     0.99927637   0.0017933781     0.99927637
      1.0000000     -1.9971638    0.024196896     0.99927660   0.0017914407     0.99927660
      1.0000000     -1.9971640    0.024187387     0.99927669   0.0017895260     0.99927669
      1.0000000     -1.9971634    0.024185530     0.99927650   0.0017886893     0.99927650
      1.0000000     -1.9971637    0.024171930     0.99927660   0.0017868260     0.99927660
      1.0000000     -1.9971643    0.024164900     0.99927675   0.0017853449     0.99927675
      1.0000000     -1.9971646    0.024158145     0.99927680   0.0017842481     0.99927680
      1.0000000     -1.9971641    0.024159418     0.99927668   0.0017834472     0.99927668
      1.0000000     -1.9971651    0.024146593     0.99927694   0.0017816358     0.99927694
      1.0000000     -1.9971645    0.024146754     0.99927676   0.0017808743     0.99927676
      1.0000000     -1.9971637    0.024145836     0.99927656   0.0017798739     0.99927656
      1.0000000     -1.9971637    0.024143094     0.99927656   0.0017788850     0.99927656
      1.0000000     -1.9971631    0.024146339     0.99927641   0.0017782031     0.99927641
      1.0000000     -1.9971625    0.024145785     0.99927627   0.0017773471     0.99927627
      1.0000000     -1.9971615    0.024152175     0.99927597   0.0017774223     0.99927597
      1.0000000     -1.9971610    0.024151530     0.99927582   0.0017767338     0.99927582
      1.0000000     -1.9971602    0.024151569     0.99927561   0.0017758668     0.99927561
      1.0000000     -1.9971605    0.024144054     0.99927569   0.0017745259     0.99927569
      1.0000000     -1.9971612    0.024132633     0.99927589   0.0017729107     0.99927589
      1.0000000     -1.9971606    0.024135107     0.99927571   0.0017723894     0.99927571
      1.0000000     -1.9971613    0.024123381     0.99927589   0.0017709403     0.99927589
      1.0000000     -1.9971607    0.024125070     0.99927570   0.0017704420     0.99927570
      1.0000000     -1.9971599    0.024126810     0.99927551   0.0017698434     0.99927551
      1.0000000     -1.9971595    0.024127174     0.99927538   0.0017691525     0.99927538
      1.0000000     -1.9971595    0.024123009     0.99927538   0.0017682072     0.99927538
      1.0000000     -1.9971599    0.024116038     0.99927550   0.0017669318     0.99927550
      1.0000000     -1.9971611    0.024102229     0.99927582   0.0017651334     0.99927582
      1.0000000     -1.9971610    0.024096562     0.99927579   0.0017639992     0.99927579
      1.0000000     -1.9971617    0.024084183     0.99927599   0.0017623103     0.99927599
      1.0000000     -1.9971618    0.024079016     0.99927600   0.0017613211     0.99927600
      1.0000000     -1.9971628    0.024065879     0.99927626   0.0017597192     0.99927626
      1.0000000     -1.9971626    0.024061784     0.99927619   0.0017587990     0.99927619
      1.0000000     -1.9971626    0.024059128     0.99927620   0.0017579103     0.99927620
      1.0000000     -1.9971621    0.024063205     0.99927604   0.0017576951     0.99927604
      1.0000000     -1.9971629    0.024050502     0.99927628   0.0017560204     0.99927628
      1.0000000     -1.9971631    0.024044650     0.99927634   0.0017548891     0.99927634
      1.0000000     -1.9971635    0.024037051     0.99927643   0.0017535801     0.99927643
      1.0000000     -1.9971639    0.024032703     0.99927653   0.0017526911     0.99927653
      1.0000000     -1.9971634    0.024030777     0.99927643   0.0017518825     0.99927643
      1.0000000     -1.9971638    0.024025845     0.99927652   0.0017509124     0.99927652
      1.0000000     -1.9971634    0.024026858     0.99927640   0.0017503953     0.99927640
      1.0000000     -1.9971624    0.024032027     0.99927616   0.0017499834     0.99927616
      1.0000000     -1.9971633    0.024020247     0.99927640   0.0017484842     0.99927640
      1.0000000     -1.9971633    0.024019728     0.99927639   0.0017478302     0.99927639
      1.0000000     -1.9971636    0.024013238     0.99927648   0.0017466362     0.99927648
      1.0000000     -1.9971644    0.024003617     0.99927670   0.0017453250     0.99927670
      1.0000000     -1.9971641    0.024005590     0.99927661   0.0017448847     0.99927661
      1.0000000     -1.9971652    0.023991862     0.99927690   0.0017433037     0.99927690
      1.0000000     -1.9971655    0.023987011     0.99927696   0.0017424997     0.99927696
      1.0000000     -1.9971653    0.023986084     0.99927693   0.0017417928     0.99927693
      1.0000000     -1.9971643    0.023992771     0.99927666   0.0017416917     0.99927666
      1.0000000     -1.9971638    0.023997092     0.99927652   0.0017414860     0.99927652
      1.0000000     -1.9971643    0.023988262     0.99927666   0.0017401732     0.99927666
      1.0000000     -1.9971649    0.023977896     0.99927683   0.0017388228     0.99927683
      1.0000000     -1.9971649    0.023979484     0.99927681   0.0017383647     0.99927681
      1.0000000     -1.9971643    0.023981714     0.99927665   0.0017379852     0.99927665
      1.0000000     -1.9971636    0.023985282     0.99927647   0.0017376684     0.99927647
      1.0000000     -1.9971631    0.023987102     0.99927634   0.0017371875     0.99927634
      1.0000000     -1.9971629    0.023985423     0.99927633   0.0017363880     0.99927633
      1.0000000     -1.9971634    0.023981795     0.99927647   0.0017354692     0.99927647
      1.0000000     -1.9971632    0.023980379     0.99927641   0.0017348136     0.99927641
      1.0000000     -1.9971636    0.023971525     0.99927653   0.0017336426     0.99927653
      1.0000000     -1.9971630    0.023975051     0.99927637   0.0017333141     0.99927637
      1.0000000     -1.9971629    0.023975312     0.99927634   0.0017327960     0.99927634
      1.0000000     -1.9971635    0.023965110     0.99927649   0.0017315524     0.99927649
      1.0000000     -1.9971633    0.023961410     0.99927643   0.0017307952     0.99927643
      1.0000000     -1.9971634    0.023958375     0.99927646   0.0017300342     0.99927646
      1.0000000     -1.9971626    0.023960866     0.99927627   0.0017296640     0.99927627
      1.0000000     -1.9971625    0.023963543     0.99927621   0.0017295890     0.99927621
      1.0000000     -1.9971627    0.023960564     0.99927627   0.0017288319     0.99927627
      1.0000000     -1.9971619    0.023964937     0.99927607   0.0017286406     0.99927607
      1.0000000     -1.9971622    0.023960127     0.99927615   0.0017277817     0.99927615
      1.0000000     -1.9971622    0.023956512     0.99927617   0.0017269515     0.99927617
      1.0000000     -1.9971624    0.023950359     0.99927622   0.0017259780     0.99927622
      1.0000000     -1.9971624    0.023948473     0.99927621   0.0017254032     0.99927621
      1.0000000     -1.9971623    0.023945465     0.99927620   0.0017246788     0.99927620
      1.0000000     -1.9971613    0.023949704     0.99927594   0.0017246010     0.99927594
      1.0000000     -1.9971608    0.023948976     0.99927580   0.0017239827     0.99927580
      1.0000000     -1.9971608    0.023945143     0.99927582   0.0017232305     0.99927582
      1.0000000     -1.9971600    0.023951199     0.99927560   0.0017233395     0.99927560
      1.0000000     -1.9971592    0.023957871     0.99927538   0.0017234018     0.99927538
      1.0000000     -1.9971588    0.023959285     0.99927529   0.0017230212     0.99927529
      1.0000000     -1.9971593    0.023953695     0.99927544   0.0017221085     0.99927544
      1.0000000     -1.9971589    0.023955578     0.99927533   0.0017217265     0.99927533
      1.0000000     -1.9971585    0.023957648     0.99927523   0.0017215165     0.99927523
      1.0000000     -1.9971585    0.023956352     0.99927522   0.0017209603     0.99927522
      1.0000000     -1.9971584    0.023954835     0.99927520   0.0017204820     0.99927520
      1.0000000     -1.9971582    0.023952903     0.99927513   0.0017200010     0.99927513
      1.0000000     -1.9971584    0.023949405     0.99927516   0.0017194437     0.99927516
      1.0000000     -1.9971587    0.023944673     0.99927525   0.0017186656     0.99927525
      1.0000000     -1.9971585    0.023945393     0.99927520   0.0017182648     0.99927520
      1.0000000     -1.9971581    0.023949750     0.99927509   0.0017182038     0.99927509
      1.0000000     -1.9971586    0.023943517     0.99927521   0.0017174265     0.99927521
      1.0000000     -1.9971573    0.023951219     0.99927489   0.0017174197     0.99927489
      1.0000000     -1.9971568    0.023951175     0.99927476   0.0017170067     0.99927476
      1.0000000     -1.9971569    0.023946024     0.99927479   0.0017161628     0.99927479
      1.0000000     -1.9971572    0.023941546     0.99927488   0.0017153748     0.99927488
      1.0000000     -1.9971570    0.023939797     0.99927483   0.0017148282     0.99927483
      1.0000000     -1.9971564    0.023939537     0.99927469   0.0017145150     0.99927469
      1.0000000     -1.9971560    0.023941159     0.99927457   0.0017141806     0.99927457
      1.0000000     -1.9971562    0.023937502     0.99927464   0.0017134307     0.99927464
      1.0000000     -1.9971562    0.023933634     0.99927466   0.0017126853     0.99927466
      1.0000000     -1.9971562    0.023933871     0.99927464   0.0017123527     0.99927464
      1.0000000     -1.9971560    0.023932192     0.99927460   0.0017119299     0.99927460
      1.0000000     -1.9971548    0.023940411     0.99927429   0.0017120677     0.99927429
      1.0000000     -1.9971550    0.023937330     0.99927434   0.0017113785     0.99927434
      1.0000000     -1.9971551    0.023933423     0.99927438   0.0017107147     0.99927438
      1.0000000     -1.9971554    0.023929428     0.99927444   0.0017101711     0.99927444
      1.0000000     -1.9971550    0.023936150     0.99927432   0.0017103327     0.99927432
      1.0000000     -1.9971554    0.023929957     0.99927443   0.0017095528     0.99927443
      1.0000000     -1.9971550    0.023930623     0.99927432   0.0017092764     0.99927432
      1.0000000     -1.9971548    0.023932371     0.99927427   0.0017090454     0.99927427
      1.0000000     -1.9971546    0.023932146     0.99927423   0.0017086667     0.99927423
      1.0000000     -1.9971543    0.023934724     0.99927415   0.0017084226     0.99927415
      1.0000000     -1.9971552    0.023926151     0.99927438   0.0017074419     0.99927438
      1.0000000     -1.9971556    0.023920741     0.99927450   0.0017066714     0.99927450
      1.0000000     -1.9971560    0.023915473     0.99927461   0.0017059153     0.99927461
      1.0000000     -1.9971559    0.023914162     0.99927458   0.0017054379     0.99927458
      1.0000000     -1.9971561    0.023911208     0.99927466   0.0017048165     0.99927466
      1.0000000     -1.9971565    0.023905388     0.99927476   0.0017040341     0.99927476
      1.0000000     -1.9971562    0.023905775     0.99927469   0.0017037267     0.99927469
      1.0000000     -1.9971562    0.023902939     0.99927469   0.0017032607     0.99927469
      1.0000000     -1.9971566    0.023897827     0.99927478   0.0017026533     0.99927478
      1.0000000     -1.9971565    0.023897691     0.99927475   0.0017022573     0.99927475
      1.0000000     -1.9971560    0.023898146     0.99927462   0.0017019919     0.99927462
      1.0000000     -1.9971559    0.023898868     0.99927458   0.0017017209     0.99927458
      1.0000000     -1.9971561    0.023896352     0.99927463   0.0017013057     0.99927463
      1.0000000     -1.9971553    0.023903713     0.99927441   0.0017016402     0.99927441
      1.0000000     -1.9971555    0.023898985     0.99927448   0.0017009502     0.99927448
      1.0000000     -1.9971557    0.023898058     0.99927454   0.0017005542     0.99927454
      1.0000000     -1.9971557    0.023896690     0.99927453   0.0017000553     0.99927453
      1.0000000     -1.9971560    0.023893892     0.99927462   0.0016995034     0.99927462
      1.0000000     -1.9971558    0.023895649     0.99927456   0.0016993712     0.99927456
      1.0000000     -1.9971558    0.023894119     0.99927456   0.0016991892     0.99927456
      1.0000000     -1.9971559    0.023892999     0.99927458   0.0016987515     0.99927458
      1.0000000     -1.9971555    0.023896736     0.99927446   0.0016987411     0.99927446
      1.0000000     -1.9971557    0.023893180     0.99927455   0.0016980963     0.99927455
      1.0000000     -1.9971563    0.023886580     0.99927468   0.0016974652     0.99927468
      1.0000000     -1.9971560    0.023887913     0.99927462   0.0016971310     0.99927462
      1.0000000     -1.9971560    0.023887060     0.99927460   0.0016968389     0.99927460
      1.0000000     -1.9971565    0.023881235     0.99927476   0.0016960423     0.99927476
      1.0000000     -1.9971561    0.023884254     0.99927463   0.0016960078     0.99927463
      1.0000000     -1.9971565    0.023878557     0.99927475   0.0016952324     0.99927475
      1.0000000     -1.9971565    0.023875888     0.99927474   0.0016947844     0.99927474
      1.0000000     -1.9971569    0.023868850     0.99927486   0.0016939355     0.99927486
      1.0000000     -1.9971567    0.023866514     0.99927482   0.0016934731     0.99927482
      1.0000000     -1.9971566    0.023866269     0.99927477   0.0016933024     0.99927477
      1.0000000     -1.9971564    0.023866967     0.99927471   0.0016931088     0.99927471
      1.0000000     -1.9971565    0.023868230     0.99927473   0.0016928878     0.99927473
      1.0000000     -1.9971566    0.023863740     0.99927477   0.0016922701     0.99927477
      1.0000000     -1.9971565    0.023862838     0.99927475   0.0016918920     0.99927475
      1.0000000     -1.9971559    0.023867646     0.99927458   0.0016922593     0.99927458
      1.0000000     -1.9971560    0.023864084     0.99927460   0.0016917416     0.99927460
      1.0000000     -1.9971562    0.023862321     0.99927466   0.0016912829     0.99927466
      1.0000000     -1.9971560    0.023861957     0.99927462   0.0016909303     0.99927462
      1.0000000     -1.9971560    0.023860953     0.99927462   0.0016905593     0.99927462
      1.0000000     -1.9971559    0.023860788     0.99927460   0.0016902012     0.99927460
      1.0000000     -1.9971565    0.023854837     0.99927474   0.0016895858     0.99927474
      1.0000000     -1.9971566    0.023853620     0.99927477   0.0016892827     0.99927477
      1.0000000     -1.9971566    0.023852357     0.99927476   0.0016889128     0.99927476
      1.0000000     -1.9971562    0.023854545     0.99927466   0.0016887475     0.99927466
      1.0000000     -1.9971570    0.023845621     0.99927488   0.0016877846     0.99927488
      1.0000000     -1.9971565    0.023848898     0.99927476   0.0016877608     0.99927476
      1.0000000     -1.9971565    0.023845977     0.99927476   0.0016874225     0.99927476
      1.0000000     -1.9971566    0.023844686     0.99927478   0.0016871286     0.99927478
      1.0000000     -1.9971566    0.023843723     0.99927478   0.0016867981     0.99927478
      1.0000000     -1.9971568    0.023840633     0.99927484   0.0016862571     0.99927484
      1.0000000     -1.9971569    0.023839336     0.99927487   0.0016858399     0.99927487
      1.0000000     -1.9971567    0.023839664     0.99927484   0.0016855478     0.99927484
      1.0000000     -1.9971569    0.023838979     0.99927486   0.0016853278     0.99927486
      1.0000000     -1.9971571    0.023836214     0.99927492   0.0016849106     0.99927492
      1.0000000     -1.9971573    0.023834695     0.99927498   0.0016845291     0.99927498
      1.0000000     -1.9971571    0.023835348     0.99927493   0.0016843433     0.99927493
      1.0000000     -1.9971565    0.023839644     0.99927478   0.0016844089     0.99927478
      1.0000000     -1.9971565    0.023839813     0.99927477   0.0016842154     0.99927477
      1.0000000     -1.9971564    0.023838377     0.99927474   0.0016838453     0.99927474
      1.0000000     -1.9971566    0.023836755     0.99927478   0.0016834566     0.99927478
      1.0000000     -1.9971569    0.023832746     0.99927486   0.0016829506     0.99927486
      1.0000000     -1.9971570    0.023831440     0.99927488   0.0016826384     0.99927488
      1.0000000     -1.9971570    0.023829234     0.99927489   0.0016822436     0.99927489
      1.0000000     -1.9971562    0.023833528     0.99927468   0.0016823361     0.99927468
      1.0000000     -1.9971561    0.023834165     0.99927465   0.0016821201     0.99927465
      1.0000000     -1.9971563    0.023832434     0.99927470   0.0016818528     0.99927470
      1.0000000     -1.9971559    0.023834569     0.99927461   0.0016817502     0.99927461
      1.0000000     -1.9971554    0.023839903     0.99927445   0.0016820128     0.99927445
      1.0000000     -1.9971552    0.023842180     0.99927440   0.0016820056     0.99927440
      1.0000000     -1.9971551    0.023841377     0.99927435   0.0016818097     0.99927435
      1.0000000     -1.9971550    0.023842891     0.99927432   0.0016817770     0.99927432
      1.0000000     -1.9971550    0.023842265     0.99927433   0.0016814841     0.99927433
      1.0000000     -1.9971558    0.023833108     0.99927454   0.0016805802     0.99927454
      1.0000000     -1.9971561    0.023828445     0.99927462   0.0016800205     0.99927462
      1.0000000     -1.9971555    0.023833880     0.99927447   0.0016801393     0.99927447
      1.0000000     -1.9971558    0.023829925     0.99927456   0.0016795900     0.99927456
      1.0000000     -1.9971561    0.023828003     0.99927463   0.0016791941     0.99927463
      1.0000000     -1.9971566    0.023822208     0.99927475   0.0016786366     0.99927475
      1.0000000     -1.9971566    0.023820759     0.99927476   0.0016782719     0.99927476
      1.0000000     -1.9971564    0.023821250     0.99927469   0.0016781572     0.99927469
      1.0000000     -1.9971564    0.023819551     0.99927470   0.0016778225     0.99927470
      1.0000000     -1.9971562    0.023819678     0.99927464   0.0016776152     0.99927464
      1.0000000     -1.9971564    0.023813925     0.99927472   0.0016769224     0.99927472
      1.0000000     -1.9971568    0.023809991     0.99927480   0.0016764395     0.99927480
      1.0000000     -1.9971559    0.023816190     0.99927458   0.0016767337     0.99927458
      1.0000000     -1.9971556    0.023817750     0.99927449   0.0016766588     0.99927449
      1.0000000     -1.9971559    0.023812778     0.99927456   0.0016761416     0.99927456
      1.0000000     -1.9971558    0.023810871     0.99927453   0.0016758098     0.99927453
      1.0000000     -1.9971556    0.023813000     0.99927449   0.0016757288     0.99927449
      1.0000000     -1.9971555    0.023813881     0.99927443   0.0016757903     0.99927443
      1.0000000     -1.9971554    0.023813279     0.99927443   0.0016755618     0.99927443
      1.0000000     -1.9971555    0.023811223     0.99927444   0.0016751876     0.99927444
      1.0000000     -1.9971552    0.023812830     0.99927437   0.0016750624     0.99927437
      1.0000000     -1.9971556    0.023807760     0.99927449   0.0016744658     0.99927449
      1.0000000     -1.9971556    0.023805250     0.99927449   0.0016741461     0.99927449
      1.0000000     -1.9971555    0.023807833     0.99927444   0.0016741004     0.99927444
      1.0000000     -1.9971557    0.023804211     0.99927452   0.0016736463     0.99927452
      1.0000000     -1.9971558    0.023801479     0.99927454   0.0016732737     0.99927454
      1.0000000     -1.9971556    0.023803239     0.99927449   0.0016732173     0.99927449
      1.0000000     -1.9971557    0.023802608     0.99927451   0.0016729968     0.99927451
      1.0000000     -1.9971556    0.023801829     0.99927448   0.0016727274     0.99927448
      1.0000000     -1.9971558    0.023800003     0.99927454   0.0016723757     0.99927454
      1.0000000     -1.9971556    0.023799967     0.99927449   0.0016721591     0.99927449
      1.0000000     -1.9971556    0.023799968     0.99927450   0.0016719311     0.99927450
      1.0000000     -1.9971559    0.023797705     0.99927456   0.0016715961     0.99927456
      1.0000000     -1.9971558    0.023798463     0.99927455   0.0016714440     0.99927455
      1.0000000     -1.9971560    0.023796398     0.99927458   0.0016711261     0.99927458
      1.0000000     -1.9971559    0.023796659     0.99927458   0.0016709162     0.99927458
      1.0000000     -1.9971562    0.023793967     0.99927463   0.0016705726     0.99927463
      1.0000000     -1.9971558    0.023795166     0.99927454   0.0016705084     0.99927454
      1.0000000     -1.9971562    0.023792000     0.99927466   0.0016700453     0.99927466
      1.0000000     -1.9971566    0.023789734     0.99927474   0.0016697977     0.99927474
      1.0000000     -1.9971563    0.023790694     0.99927468   0.0016696631     0.99927468
      1.0000000     -1.9971564    0.023789940     0.99927470   0.0016695224     0.99927470
      1.0000000     -1.9971568    0.023785719     0.99927478   0.0016691122     0.99927478
      1.0000000     -1.9971568    0.023785773     0.99927478   0.0016689073     0.99927478
      1.0000000     -1.9971575    0.023779727     0.99927498   0.0016682623     0.99927498
      1.0000000     -1.9971577    0.023777610     0.99927501   0.0016679261     0.99927501
      1.0000000     -1.9971581    0.023772830     0.99927512   0.0016674232     0.99927512
      1.0000000     -1.9971582    0.023770733     0.99927515   0.0016670948     0.99927515
      1.0000000     -1.9971581    0.023768683     0.99927514   0.0016667602     0.99927514
      1.0000000     -1.9971577    0.023773865     0.99927499   0.0016671854     0.99927499
      1.0000000     -1.9971570    0.023780783     0.99927480   0.0016675390     0.99927480
      1.0000000     -1.9971566    0.023782040     0.99927471   0.0016674188     0.99927471
      1.0000000     -1.9971571    0.023775267     0.99927485   0.0016667141     0.99927485
      1.0000000     -1.9971572    0.023773635     0.99927488   0.0016664339     0.99927488
      1.0000000     -1.9971567    0.023777149     0.99927475   0.0016665506     0.99927475
      1.0000000     -1.9971567    0.023776618     0.99927475   0.0016663182     0.99927475
      1.0000000     -1.9971569    0.023775693     0.99927481   0.0016660896     0.99927481
      1.0000000     -1.9971568    0.023777603     0.99927476   0.0016661232     0.99927476
      1.0000000     -1.9971567    0.023776962     0.99927475   0.0016658450     0.99927475
      1.0000000     -1.9971569    0.023774569     0.99927479   0.0016654621     0.99927479
      1.0000000     -1.9971570    0.023771987     0.99927482   0.0016650752     0.99927482
      1.0000000     -1.9971568    0.023771298     0.99927478   0.0016648131     0.99927478
      1.0000000     -1.9971570    0.023767406     0.99927485   0.0016643225     0.99927485
      1.0000000     -1.9971568    0.023768927     0.99927481   0.0016642049     0.99927481
      1.0000000     -1.9971566    0.023770885     0.99927476   0.0016641708     0.99927476
      1.0000000     -1.9971574    0.023764422     0.99927494   0.0016637022     0.99927494
      1.0000000     -1.9971574    0.023762446     0.99927494   0.0016634568     0.99927494
      1.0000000     -1.9971573    0.023762551     0.99927492   0.0016632430     0.99927492
      1.0000000     -1.9971577    0.023756866     0.99927503   0.0016626514     0.99927503
      1.0000000     -1.9971579    0.023755274     0.99927508   0.0016623789     0.99927508
      1.0000000     -1.9971583    0.023751242     0.99927517   0.0016619779     0.99927517
      1.0000000     -1.9971583    0.023749867     0.99927517   0.0016617535     0.99927517
      1.0000000     -1.9971585    0.023747564     0.99927523   0.0016613933     0.99927523
      1.0000000     -1.9971584    0.023747043     0.99927522   0.0016612012     0.99927522
      1.0000000     -1.9971586    0.023745252     0.99927524   0.0016610867     0.99927524
      1.0000000     -1.9971584    0.023746054     0.99927521   0.0016609765     0.99927521
      1.0000000     -1.9971587    0.023742731     0.99927527   0.0016605699     0.99927527
      1.0000000     -1.9971587    0.023742098     0.99927529   0.0016603568     0.99927529
      1.0000000     -1.9971586    0.023741494     0.99927527   0.0016601232     0.99927527
      1.0000000     -1.9971587    0.023741891     0.99927528   0.0016600664     0.99927528
      1.0000000     -1.9971589    0.023739705     0.99927535   0.0016596972     0.99927535
      1.0000000     -1.9971591    0.023736768     0.99927539   0.0016593299     0.99927539
      1.0000000     -1.9971589    0.023737714     0.99927533   0.0016593000     0.99927533
      1.0000000     -1.9971586    0.023738467     0.99927526   0.0016592229     0.99927526
      1.0000000     -1.9971585    0.023739657     0.99927523   0.0016591744     0.99927523
      1.0000000     -1.9971587    0.023736762     0.99927527   0.0016587680     0.99927527
      1.0000000     -1.9971589    0.023733241     0.99927533   0.0016583523     0.99927533
      1.0000000     -1.9971586    0.023733269     0.99927527   0.0016581742     0.99927527
      1.0000000     -1.9971584    0.023734340     0.99927521   0.0016581520     0.99927521
      1.0000000     -1.9971585    0.023733356     0.99927523   0.0016579881     0.99927523
      1.0000000     -1.9971587    0.023730857     0.99927528   0.0016576326     0.99927528
      1.0000000     -1.9971583    0.023734173     0.99927518   0.0016577443     0.99927518
      1.0000000     -1.9971581    0.023734466     0.99927513   0.0016577123     0.99927513
      1.0000000     -1.9971581    0.023734645     0.99927513   0.0016576212     0.99927513
      1.0000000     -1.9971579    0.023734848     0.99927508   0.0016574546     0.99927508
      1.0000000     -1.9971578    0.023733922     0.99927506   0.0016572684     0.99927506
      1.0000000     -1.9971576    0.023735584     0.99927499   0.0016572723     0.99927499
      1.0000000     -1.9971572    0.023736880     0.99927490   0.0016571703     0.99927490
      1.0000000     -1.9971569    0.023740630     0.99927482   0.0016573429     0.99927482
      1.0000000     -1.9971572    0.023737200     0.99927489   0.0016569882     0.99927489
      1.0000000     -1.9971571    0.023737253     0.99927488   0.0016568047     0.99927488
      1.0000000     -1.9971573    0.023734728     0.99927490   0.0016565321     0.99927490
      1.0000000     -1.9971570    0.023736157     0.99927483   0.0016564807     0.99927483
      1.0000000     -1.9971572    0.023734145     0.99927490   0.0016562029     0.99927490
      1.0000000     -1.9971570    0.023733579     0.99927485   0.0016559570     0.99927485
      1.0000000     -1.9971567    0.023734898     0.99927476   0.0016560122     0.99927476
      1.0000000     -1.9971568    0.023734048     0.99927478   0.0016558722     0.99927478
      1.0000000     -1.9971569    0.023732757     0.99927479   0.0016556969     0.99927479
      1.0000000     -1.9971569    0.023730975     0.99927478   0.0016555160     0.99927478
      1.0000000     -1.9971568    0.023729867     0.99927477   0.0016553085     0.99927477
      1.0000000     -1.9971567    0.023732460     0.99927474   0.0016554371     0.99927474
      1.0000000     -1.9971572    0.023728395     0.99927485   0.0016551101     0.99927485
      1.0000000     -1.9971571    0.023728546     0.99927481   0.0016550196     0.99927481
      1.0000000     -1.9971572    0.023727355     0.99927486   0.0016547792     0.99927486
      1.0000000     -1.9971574    0.023726445     0.99927489   0.0016545512     0.99927489
      1.0000000     -1.9971570    0.023729157     0.99927480   0.0016546199     0.99927480
      1.0000000     -1.9971571    0.023728082     0.99927484   0.0016543679     0.99927484
      1.0000000     -1.9971572    0.023727116     0.99927485   0.0016541007     0.99927485
      1.0000000     -1.9971571    0.023727159     0.99927482   0.0016540563     0.99927482
      1.0000000     -1.9971572    0.023724906     0.99927486   0.0016537389     0.99927486
      1.0000000     -1.9971573    0.023723586     0.99927487   0.0016535226     0.99927487
      1.0000000     -1.9971574    0.023721012     0.99927491   0.0016532187     0.99927491
      1.0000000     -1.9971572    0.023721696     0.99927486   0.0016531575     0.99927486
      1.0000000     -1.9971571    0.023721878     0.99927482   0.0016529996     0.99927482
      1.0000000     -1.9971569    0.023721382     0.99927478   0.0016527728     0.99927478
      1.0000000     -1.9971567    0.023723178     0.99927472   0.0016527835     0.99927472
      1.0000000     -1.9971569    0.023719795     0.99927478   0.0016523808     0.99927478
      1.0000000     -1.9971569    0.023719551     0.99927478   0.0016522481     0.99927478
      1.0000000     -1.9971574    0.023713701     0.99927492   0.0016516830     0.99927492
      1.0000000     -1.9971574    0.023713505     0.99927493   0.0016515427     0.99927493
      1.0000000     -1.9971575    0.023711054     0.99927495   0.0016512671     0.99927495
      1.0000000     -1.9971571    0.023714379     0.99927485   0.0016513588     0.99927485
      1.0000000     -1.9971570    0.023714677     0.99927482   0.0016512031     0.99927482
      1.0000000     -1.9971568    0.023714934     0.99927476   0.0016511930     0.99927476
      1.0000000     -1.9971569    0.023713393     0.99927480   0.0016509552     0.99927480
      1.0000000     -1.9971573    0.023711098     0.99927490   0.0016506241     0.99927490
      1.0000000     -1.9971572    0.023712432     0.99927488   0.0016505598     0.99927488
      1.0000000     -1.9971570    0.023714278     0.99927485   0.0016505103     0.99927485
      1.0000000     -1.9971568    0.023715590     0.99927479   0.0016504453     0.99927479
      1.0000000     -1.9971571    0.023712363     0.99927487   0.0016500523     0.99927487
      1.0000000     -1.9971573    0.023710090     0.99927494   0.0016497099     0.99927494
      1.0000000     -1.9971574    0.023709828     0.99927497   0.0016495440     0.99927497
      1.0000000     -1.9971573    0.023711119     0.99927491   0.0016498504     0.99927491
      1.0000000     -1.9971574    0.023709700     0.99927495   0.0016496376     0.99927495
      1.0000000     -1.9971572    0.023711264     0.99927490   0.0016496434     0.99927490
      1.0000000     -1.9971571    0.023712990     0.99927487   0.0016496425     0.99927487
      1.0000000     -1.9971571    0.023712313     0.99927487   0.0016495364     0.99927487
      1.0000000     -1.9971567    0.023715425     0.99927477   0.0016495888     0.99927477
      1.0000000     -1.9971565    0.023716328     0.99927471   0.0016495443     0.99927471
      1.0000000     -1.9971565    0.023715309     0.99927471   0.0016493775     0.99927471
      1.0000000     -1.9971567    0.023712290     0.99927476   0.0016490583     0.99927476
      1.0000000     -1.9971563    0.023714837     0.99927465   0.0016491334     0.99927465
      1.0000000     -1.9971560    0.023717621     0.99927457   0.0016492717     0.99927457
      1.0000000     -1.9971559    0.023717313     0.99927455   0.0016491288     0.99927455
      1.0000000     -1.9971558    0.023718487     0.99927452   0.0016491131     0.99927452
      1.0000000     -1.9971556    0.023721712     0.99927445   0.0016493388     0.99927445
      1.0000000     -1.9971557    0.023720360     0.99927448   0.0016490900     0.99927448
      1.0000000     -1.9971559    0.023717245     0.99927455   0.0016487532     0.99927455
      1.0000000     -1.9971560    0.023716189     0.99927457   0.0016485929     0.99927457
      1.0000000     -1.9971562    0.023715577     0.99927461   0.0016484172     0.99927461
      1.0000000     -1.9971569    0.023709661     0.99927479   0.0016479138     0.99927479
      1.0000000     -1.9971568    0.023709133     0.99927478   0.0016478329     0.99927478
      1.0000000     -1.9971569    0.023708039     0.99927478   0.0016476402     0.99927478
      1.0000000     -1.9971568    0.023708784     0.99927476   0.0016475389     0.99927476
      1.0000000     -1.9971568    0.023709568     0.99927477   0.0016475540     0.99927477
      1.0000000     -1.9971568    0.023709897     0.99927478   0.0016474854     0.99927478
      1.0000000     -1.9971569    0.023709715     0.99927479   0.0016474153     0.99927479
      1.0000000     -1.9971570    0.023709101     0.99927482   0.0016471984     0.99927482
      1.0000000     -1.9971570    0.023709163     0.99927482   0.0016470636     0.99927482
      1.0000000     -1.9971571    0.023707436     0.99927486   0.0016468626     0.99927486
      1.0000000     -1.9971572    0.023705177     0.99927488   0.0016465938     0.99927488
      1.0000000     -1.9971571    0.023705440     0.99927485   0.0016465538     0.99927485
      1.0000000     -1.9971571    0.023704719     0.99927485   0.0016464161     0.99927485
      1.0000000     -1.9971575    0.023701288     0.99927494   0.0016460759     0.99927494
      1.0000000     -1.9971570    0.023705228     0.99927481   0.0016462864     0.99927481
      1.0000000     -1.9971567    0.023707300     0.99927473   0.0016463253     0.99927473
      1.0000000     -1.9971565    0.023708904     0.99927468   0.0016463548     0.99927468
      1.0000000     -1.9971561    0.023710088     0.99927458   0.0016463318     0.99927458
      1.0000000     -1.9971559    0.023710933     0.99927451   0.0016463312     0.99927451
      1.0000000     -1.9971557    0.023712952     0.99927448   0.0016463605     0.99927448
      1.0000000     -1.9971562    0.023708591     0.99927460   0.0016459176     0.99927460
      1.0000000     -1.9971564    0.023707015     0.99927465   0.0016457557     0.99927465
      1.0000000     -1.9971564    0.023705762     0.99927465   0.0016455765     0.99927465
      1.0000000     -1.9971562    0.023705642     0.99927461   0.0016454735     0.99927461
      1.0000000     -1.9971569    0.023699605     0.99927477   0.0016449478     0.99927477
      1.0000000     -1.9971571    0.023698039     0.99927483   0.0016447135     0.99927483
      1.0000000     -1.9971570    0.023697080     0.99927480   0.0016445177     0.99927480
      1.0000000     -1.9971575    0.023691982     0.99927496   0.0016440531     0.99927496
      1.0000000     -1.9971581    0.023687762     0.99927508   0.0016437866     0.99927508
      1.0000000     -1.9971577    0.023689673     0.99927498   0.0016438447     0.99927498
      1.0000000     -1.9971578    0.023688035     0.99927503   0.0016435796     0.99927503
      1.0000000     -1.9971577    0.023689532     0.99927498   0.0016436114     0.99927498
      1.0000000     -1.9971582    0.023684396     0.99927512   0.0016431104     0.99927512
      1.0000000     -1.9971582    0.023684581     0.99927513   0.0016430879     0.99927513
      1.0000000     -1.9971584    0.023682040     0.99927518   0.0016428205     0.99927518
      1.0000000     -1.9971582    0.023683645     0.99927513   0.0016428046     0.99927513
      1.0000000     -1.9971582    0.023685339     0.99927512   0.0016427907     0.99927512
      1.0000000     -1.9971584    0.023682774     0.99927518   0.0016425014     0.99927518
      1.0000000     -1.9971586    0.023680388     0.99927523   0.0016422682     0.99927523
      1.0000000     -1.9971591    0.023676941     0.99927535   0.0016418823     0.99927535
      1.0000000     -1.9971589    0.023677096     0.99927531   0.0016417931     0.99927531
      1.0000000     -1.9971589    0.023677254     0.99927531   0.0016416913     0.99927531
      1.0000000     -1.9971589    0.023676345     0.99927531   0.0016415420     0.99927531
      1.0000000     -1.9971587    0.023677365     0.99927526   0.0016414842     0.99927526
      1.0000000     -1.9971584    0.023679769     0.99927520   0.0016415141     0.99927520
      1.0000000     -1.9971588    0.023675488     0.99927530   0.0016410913     0.99927530
      1.0000000     -1.9971587    0.023675661     0.99927527   0.0016410836     0.99927527
      1.0000000     -1.9971589    0.023674788     0.99927532   0.0016409327     0.99927532
      1.0000000     -1.9971589    0.023673792     0.99927533   0.0016407470     0.99927533
      1.0000000     -1.9971589    0.023674368     0.99927533   0.0016406684     0.99927533
      1.0000000     -1.9971591    0.023673525     0.99927537   0.0016404954     0.99927537
      1.0000000     -1.9971591    0.023672319     0.99927538   0.0016402892     0.99927538
      1.0000000     -1.9971594    0.023670149     0.99927545   0.0016400772     0.99927545
      1.0000000     -1.9971594    0.023669021     0.99927547   0.0016398639     0.99927547
      1.0000000     -1.9971593    0.023669836     0.99927542   0.0016398735     0.99927542
      1.0000000     -1.9971591    0.023670015     0.99927539   0.0016397632     0.99927539
      1.0000000     -1.9971590    0.023670120     0.99927537   0.0016396427     0.99927537
      1.0000000     -1.9971587    0.023672657     0.99927528   0.0016398053     0.99927528
      1.0000000     -1.9971587    0.023672546     0.99927526   0.0016397892     0.99927526
      1.0000000     -1.9971587    0.023670845     0.99927529   0.0016395655     0.99927529
      1.0000000     -1.9971584    0.023674022     0.99927519   0.0016397103     0.99927519
      1.0000000     -1.9971585    0.023672656     0.99927521   0.0016395734     0.99927521
      1.0000000     -1.9971587    0.023670512     0.99927527   0.0016393022     0.99927527
      1.0000000     -1.9971586    0.023670463     0.99927525   0.0016392260     0.99927525
      1.0000000     -1.9971588    0.023668530     0.99927531   0.0016389577     0.99927531
      1.0000000     -1.9971586    0.023670325     0.99927525   0.0016390298     0.99927525
      1.0000000     -1.9971584    0.023671720     0.99927519   0.0016390672     0.99927519
      1.0000000     -1.9971583    0.023672075     0.99927518   0.0016389748     0.99927518
      1.0000000     -1.9971581    0.023674154     0.99927513   0.0016390514     0.99927513
      1.0000000     -1.9971584    0.023672364     0.99927518   0.0016389012     0.99927518
      1.0000000     -1.9971583    0.023672617     0.99927516   0.0016389817     0.99927516
      1.0000000     -1.9971583    0.023670331     0.99927517   0.0016387061     0.99927517
      1.0000000     -1.9971584    0.023668367     0.99927518   0.0016384468     0.99927518
      1.0000000     -1.9971586    0.023666628     0.99927523   0.0016382606     0.99927523
      1.0000000     -1.9971583    0.023669267     0.99927516   0.0016383403     0.99927516
      1.0000000     -1.9971581    0.023670400     0.99927513   0.0016383216     0.99927513
      1.0000000     -1.9971583    0.023668835     0.99927516   0.0016381720     0.99927516
      1.0000000     -1.9971584    0.023666998     0.99927519   0.0016380144     0.99927519
      1.0000000     -1.9971582    0.023668405     0.99927513   0.0016380117     0.99927513
      1.0000000     -1.9971582    0.023667886     0.99927514   0.0016379147     0.99927514
      1.0000000     -1.9971586    0.023665408     0.99927523   0.0016377011     0.99927523
      1.0000000     -1.9971587    0.023664382     0.99927526   0.0016375698     0.99927526
      1.0000000     -1.9971591    0.023661522     0.99927536   0.0016373162     0.99927536
      1.0000000     -1.9971592    0.023659515     0.99927538   0.0016370590     0.99927538
      1.0000000     -1.9971594    0.023658562     0.99927543   0.0016368594     0.99927543
      1.0000000     -1.9971596    0.023655540     0.99927550   0.0016365668     0.99927550
      1.0000000     -1.9971597    0.023653819     0.99927552   0.0016363693     0.99927552
      1.0000000     -1.9971597    0.023652952     0.99927552   0.0016362386     0.99927552
      1.0000000     -1.9971597    0.023652597     0.99927552   0.0016361482     0.99927552
      1.0000000     -1.9971595    0.023653403     0.99927546   0.0016361108     0.99927546
      1.0000000     -1.9971597    0.023650762     0.99927552   0.0016358629     0.99927552
      1.0000000     -1.9971598    0.023649403     0.99927555   0.0016357207     0.99927555
      1.0000000     -1.9971599    0.023647896     0.99927557   0.0016354630     0.99927557
      1.0000000     -1.9971599    0.023646368     0.99927559   0.0016352591     0.99927559
      1.0000000     -1.9971600    0.023645460     0.99927561   0.0016351325     0.99927561
      1.0000000     -1.9971604    0.023642100     0.99927571   0.0016347858     0.99927571
      1.0000000     -1.9971602    0.023643989     0.99927566   0.0016348875     0.99927566
      1.0000000     -1.9971602    0.023644152     0.99927567   0.0016347745     0.99927567
      1.0000000     -1.9971600    0.023644897     0.99927562   0.0016347365     0.99927562
      1.0000000     -1.9971601    0.023644284     0.99927563   0.0016346046     0.99927563
      1.0000000     -1.9971599    0.023646796     0.99927559   0.0016347174     0.99927559
      1.0000000     -1.9971598    0.023647136     0.99927558   0.0016346657     0.99927558
      1.0000000     -1.9971598    0.023646681     0.99927556   0.0016345616     0.99927556
      1.0000000     -1.9971596    0.023648191     0.99927550   0.0016346251     0.99927550
      1.0000000     -1.9971595    0.023648671     0.99927548   0.0016346566     0.99927548
      1.0000000     -1.9971594    0.023649215     0.99927545   0.0016346506     0.99927545
      1.0000000     -1.9971591    0.023650730     0.99927537   0.0016346868     0.99927537
      1.0000000     -1.9971590    0.023650738     0.99927533   0.0016346106     0.99927533
      1.0000000     -1.9971588    0.023651272     0.99927529   0.0016345655     0.99927529
      1.0000000     -1.9971587    0.023650438     0.99927527   0.0016344310     0.99927527
      1.0000000     -1.9971587    0.023651504     0.99927525   0.0016344909     0.99927525
      1.0000000     -1.9971586    0.023652243     0.99927524   0.0016344753     0.99927524
      1.0000000     -1.9971587    0.023652173     0.99927526   0.0016344160     0.99927526
      1.0000000     -1.9971587    0.023651523     0.99927526   0.0016343376     0.99927526
      1.0000000     -1.9971586    0.023652658     0.99927524   0.0016343268     0.99927524
      1.0000000     -1.9971586    0.023652471     0.99927524   0.0016342186     0.99927524
      1.0000000     -1.9971584    0.023655030     0.99927518   0.0016343844     0.99927518
      1.0000000     -1.9971585    0.023654191     0.99927521   0.0016342148     0.99927521
      1.0000000     -1.9971588    0.023651557     0.99927529   0.0016339597     0.99927529
      1.0000000     -1.9971589    0.023651163     0.99927530   0.0016338122     0.99927530
      1.0000000     -1.9971586    0.023651877     0.99927523   0.0016338411     0.99927523
      1.0000000     -1.9971589    0.023649358     0.99927530   0.0016335787     0.99927530
      1.0000000     -1.9971588    0.023649287     0.99927528   0.0016334886     0.99927528
      1.0000000     -1.9971583    0.023651903     0.99927517   0.0016335791     0.99927517
      1.0000000     -1.9971585    0.023648788     0.99927521   0.0016332528     0.99927521
      1.0000000     -1.9971583    0.023650186     0.99927516   0.0016332655     0.99927516
      1.0000000     -1.9971581    0.023651552     0.99927510   0.0016333253     0.99927510
      1.0000000     -1.9971583    0.023648782     0.99927516   0.0016330693     0.99927516
      1.0000000     -1.9971586    0.023645764     0.99927524   0.0016327575     0.99927524
      1.0000000     -1.9971588    0.023643277     0.99927530   0.0016324967     0.99927530
      1.0000000     -1.9971585    0.023645387     0.99927522   0.0016325443     0.99927522
      1.0000000     -1.9971584    0.023645194     0.99927520   0.0016324997     0.99927520
      1.0000000     -1.9971582    0.023646742     0.99927515   0.0016325058     0.99927515
      1.0000000     -1.9971583    0.023645820     0.99927518   0.0016323472     0.99927518
      1.0000000     -1.9971581    0.023647783     0.99927511   0.0016324251     0.99927511
      1.0000000     -1.9971584    0.023645738     0.99927519   0.0016322013     0.99927519
      1.0000000     -1.9971584    0.023645212     0.99927520   0.0016320937     0.99927520
      1.0000000     -1.9971585    0.023643445     0.99927522   0.0016318810     0.99927522
      1.0000000     -1.9971584    0.023643548     0.99927520   0.0016318417     0.99927520
      1.0000000     -1.9971582    0.023645548     0.99927515   0.0016319474     0.99927515
      1.0000000     -1.9971583    0.023644972     0.99927517   0.0016318031     0.99927517
      1.0000000     -1.9971583    0.023644957     0.99927517   0.0016317234     0.99927517
      1.0000000     -1.9971584    0.023643629     0.99927519   0.0016315486     0.99927519
      1.0000000     -1.9971580    0.023646787     0.99927510   0.0016317048     0.99927510
      1.0000000     -1.9971582    0.023644263     0.99927515   0.0016314241     0.99927515
      1.0000000     -1.9971581    0.023644516     0.99927512   0.0016314531     0.99927512
      1.0000000     -1.9971582    0.023643059     0.99927513   0.0016312778     0.99927513
      1.0000000     -1.9971579    0.023642932     0.99927508   0.0016311991     0.99927508
      1.0000000     -1.9971580    0.023641565     0.99927509   0.0016309825     0.99927509
      1.0000000     -1.9971580    0.023641299     0.99927511   0.0016309349     0.99927511
      1.0000000     -1.9971580    0.023641762     0.99927510   0.0016309529     0.99927510
      1.0000000     -1.9971582    0.023639659     0.99927513   0.0016307414     0.99927513
      1.0000000     -1.9971583    0.023638540     0.99927516   0.0016305799     0.99927516
      1.0000000     -1.9971581    0.023638401     0.99927512   0.0016305592     0.99927512
      1.0000000     -1.9971583    0.023636041     0.99927517   0.0016303516     0.99927517
      1.0000000     -1.9971586    0.023633828     0.99927523   0.0016301214     0.99927523
      1.0000000     -1.9971583    0.023635948     0.99927517   0.0016302520     0.99927517
      1.0000000     -1.9971584    0.023634592     0.99927518   0.0016301139     0.99927518
      1.0000000     -1.9971581    0.023636669     0.99927510   0.0016302167     0.99927510
      1.0000000     -1.9971581    0.023636717     0.99927511   0.0016302465     0.99927511
      1.0000000     -1.9971582    0.023635237     0.99927513   0.0016301165     0.99927513
      1.0000000     -1.9971580    0.023636608     0.99927508   0.0016301478     0.99927508
      1.0000000     -1.9971582    0.023635137     0.99927512   0.0016300087     0.99927512
      1.0000000     -1.9971581    0.023635997     0.99927509   0.0016300818     0.99927509
      1.0000000     -1.9971581    0.023635499     0.99927508   0.0016300056     0.99927508
      1.0000000     -1.9971583    0.023633180     0.99927513   0.0016298007     0.99927513
      1.0000000     -1.9971583    0.023632755     0.99927512   0.0016297115     0.99927512
      1.0000000     -1.9971583    0.023632822     0.99927512   0.0016296327     0.99927512
      1.0000000     -1.9971581    0.023632977     0.99927509   0.0016295480     0.99927509
      1.0000000     -1.9971581    0.023632960     0.99927507   0.0016295177     0.99927507
      1.0000000     -1.9971580    0.023633522     0.99927506   0.0016295193     0.99927506
      1.0000000     -1.9971580    0.023632871     0.99927505   0.0016294094     0.99927505
      1.0000000     -1.9971579    0.023633440     0.99927502   0.0016293806     0.99927502
      1.0000000     -1.9971579    0.023633991     0.99927502   0.0016293362     0.99927502
      1.0000000     -1.9971578    0.023634765     0.99927501   0.0016293106     0.99927501
      1.0000000     -1.9971580    0.023633262     0.99927504   0.0016291551     0.99927504
      1.0000000     -1.9971577    0.023634622     0.99927498   0.0016291778     0.99927498
      1.0000000     -1.9971579    0.023632631     0.99927503   0.0016289746     0.99927503
      1.0000000     -1.9971578    0.023633247     0.99927500   0.0016289869     0.99927500
      1.0000000     -1.9971577    0.023634286     0.99927497   0.0016289881     0.99927497
      1.0000000     -1.9971575    0.023634892     0.99927493   0.0016289762     0.99927493
      1.0000000     -1.9971575    0.023634747     0.99927492   0.0016289905     0.99927492
      1.0000000     -1.9971575    0.023635316     0.99927491   0.0016289945     0.99927491
      1.0000000     -1.9971575    0.023635551     0.99927492   0.0016289388     0.99927492
      1.0000000     -1.9971576    0.023634551     0.99927493   0.0016288187     0.99927493
      1.0000000     -1.9971579    0.023632361     0.99927502   0.0016285849     0.99927502
      1.0000000     -1.9971576    0.023634385     0.99927494   0.0016286649     0.99927494
      1.0000000     -1.9971573    0.023637058     0.99927485   0.0016287534     0.99927485
      1.0000000     -1.9971571    0.023637590     0.99927482   0.0016286876     0.99927482
      1.0000000     -1.9971571    0.023636627     0.99927483   0.0016285191     0.99927483
      1.0000000     -1.9971570    0.023638162     0.99927479   0.0016285635     0.99927479
      1.0000000     -1.9971567    0.023639768     0.99927471   0.0016286247     0.99927471
      1.0000000     -1.9971566    0.023639636     0.99927470   0.0016285596     0.99927470
      1.0000000     -1.9971565    0.023639883     0.99927466   0.0016285087     0.99927466
      1.0000000     -1.9971565    0.023638908     0.99927467   0.0016283511     0.99927467
      1.0000000     -1.9971563    0.023639301     0.99927463   0.0016283168     0.99927463
      1.0000000     -1.9971562    0.023640052     0.99927460   0.0016283213     0.99927460
      1.0000000     -1.9971563    0.023639760     0.99927461   0.0016282316     0.99927461
      1.0000000     -1.9971563    0.023639227     0.99927460   0.0016281888     0.99927460
      1.0000000     -1.9971560    0.023641427     0.99927453   0.0016282494     0.99927453
      1.0000000     -1.9971557    0.023643360     0.99927446   0.0016282998     0.99927446
      1.0000000     -1.9971557    0.023642856     0.99927447   0.0016281707     0.99927447
      1.0000000     -1.9971557    0.023643170     0.99927446   0.0016281165     0.99927446
      1.0000000     -1.9971558    0.023641339     0.99927450   0.0016279279     0.99927450
      1.0000000     -1.9971560    0.023639918     0.99927455   0.0016277904     0.99927455
      1.0000000     -1.9971559    0.023639989     0.99927454   0.0016277166     0.99927454
      1.0000000     -1.9971560    0.023639412     0.99927454   0.0016276324     0.99927454
      1.0000000     -1.9971559    0.023639796     0.99927451   0.0016276332     0.99927451
      1.0000000     -1.9971557    0.023640161     0.99927447   0.0016276090     0.99927447
      1.0000000     -1.9971557    0.023639553     0.99927447   0.0016275178     0.99927447
      1.0000000     -1.9971559    0.023637982     0.99927451   0.0016273488     0.99927451
      1.0000000     -1.9971558    0.023638034     0.99927450   0.0016272870     0.99927450
      1.0000000     -1.9971558    0.023638772     0.99927449   0.0016272456     0.99927449
      1.0000000     -1.9971560    0.023637031     0.99927455   0.0016271254     0.99927455
      1.0000000     -1.9971561    0.023636889     0.99927457   0.0016270734     0.99927457
      1.0000000     -1.9971562    0.023635889     0.99927459   0.0016269368     0.99927459
      1.0000000     -1.9971566    0.023632162     0.99927469   0.0016266108     0.99927469
      1.0000000     -1.9971566    0.023630858     0.99927471   0.0016264457     0.99927471
      1.0000000     -1.9971568    0.023628336     0.99927475   0.0016262207     0.99927475
      1.0000000     -1.9971568    0.023628368     0.99927474   0.0016261893     0.99927474
      1.0000000     -1.9971569    0.023627568     0.99927478   0.0016260720     0.99927478
      1.0000000     -1.9971568    0.023627561     0.99927476   0.0016260032     0.99927476
      1.0000000     -1.9971570    0.023625098     0.99927481   0.0016257643     0.99927481
      1.0000000     -1.9971569    0.023625393     0.99927478   0.0016256788     0.99927478
      1.0000000     -1.9971572    0.023622647     0.99927486   0.0016254573     0.99927486
      1.0000000     -1.9971572    0.023622859     0.99927485   0.0016255208     0.99927485
      1.0000000     -1.9971573    0.023621418     0.99927487   0.0016253800     0.99927487
      1.0000000     -1.9971574    0.023620306     0.99927491   0.0016252223     0.99927491
      1.0000000     -1.9971578    0.023617641     0.99927500   0.0016250128     0.99927500
      1.0000000     -1.9971580    0.023615776     0.99927506   0.0016248416     0.99927506
      1.0000000     -1.9971581    0.023615321     0.99927508   0.0016247349     0.99927508
      1.0000000     -1.9971582    0.023613436     0.99927511   0.0016245180     0.99927511
      1.0000000     -1.9971581    0.023614296     0.99927508   0.0016245227     0.99927508
      1.0000000     -1.9971582    0.023614110     0.99927510   0.0016244934     0.99927510
      1.0000000     -1.9971580    0.023615031     0.99927506   0.0016244830     0.99927506
      1.0000000     -1.9971579    0.023615508     0.99927502   0.0016245389     0.99927502
      1.0000000     -1.9971579    0.023615034     0.99927503   0.0016244734     0.99927503
      1.0000000     -1.9971579    0.023614458     0.99927502   0.0016243354     0.99927502
      1.0000000     -1.9971580    0.023612778     0.99927505   0.0016241487     0.99927505
      1.0000000     -1.9971583    0.023609257     0.99927514   0.0016238685     0.99927514
      1.0000000     -1.9971585    0.023607788     0.99927518   0.0016237003     0.99927518
      1.0000000     -1.9971582    0.023609772     0.99927512   0.0016237939     0.99927512
      1.0000000     -1.9971582    0.023608770     0.99927513   0.0016236578     0.99927513
      1.0000000     -1.9971581    0.023610755     0.99927507   0.0016238059     0.99927507
      1.0000000     -1.9971583    0.023608841     0.99927513   0.0016235698     0.99927513
      1.0000000     -1.9971581    0.023609580     0.99927508   0.0016235629     0.99927508
      1.0000000     -1.9971582    0.023608876     0.99927510   0.0016234525     0.99927510
      1.0000000     -1.9971583    0.023607838     0.99927514   0.0016233089     0.99927514
      1.0000000     -1.9971583    0.023607128     0.99927514   0.0016231917     0.99927514
      1.0000000     -1.9971584    0.023606192     0.99927517   0.0016230620     0.99927517
      1.0000000     -1.9971582    0.023606840     0.99927512   0.0016231003     0.99927512
      1.0000000     -1.9971583    0.023605333     0.99927515   0.0016229252     0.99927515
      1.0000000     -1.9971584    0.023604012     0.99927517   0.0016227607     0.99927517
      1.0000000     -1.9971584    0.023603099     0.99927519   0.0016226650     0.99927519
      1.0000000     -1.9971585    0.023602118     0.99927521   0.0016225221     0.99927521
      1.0000000     -1.9971585    0.023602018     0.99927521   0.0016224743     0.99927521
      1.0000000     -1.9971586    0.023600491     0.99927524   0.0016222964     0.99927524
      1.0000000     -1.9971586    0.023600627     0.99927523   0.0016222808     0.99927523
      1.0000000     -1.9971588    0.023598648     0.99927527   0.0016220906     0.99927527
      1.0000000     -1.9971586    0.023598991     0.99927524   0.0016220367     0.99927524
      1.0000000     -1.9971586    0.023600092     0.99927522   0.0016221032     0.99927522
      1.0000000     -1.9971583    0.023602325     0.99927516   0.0016221852     0.99927516
      1.0000000     -1.9971582    0.023603778     0.99927513   0.0016222240     0.99927513
      1.0000000     -1.9971582    0.023604160     0.99927512   0.0016222166     0.99927512
      1.0000000     -1.9971580    0.023605417     0.99927507   0.0016223015     0.99927507
      1.0000000     -1.9971581    0.023604392     0.99927511   0.0016221664     0.99927511
      1.0000000     -1.9971580    0.023606102     0.99927507   0.0016222788     0.99927507
      1.0000000     -1.9971579    0.023606018     0.99927505   0.0016221891     0.99927505
      1.0000000     -1.9971577    0.023607786     0.99927499   0.0016222679     0.99927499
      1.0000000     -1.9971577    0.023607260     0.99927499   0.0016221611     0.99927499
      1.0000000     -1.9971578    0.023605311     0.99927502   0.0016219756     0.99927502
      1.0000000     -1.9971579    0.023603165     0.99927506   0.0016217522     0.99927506
      1.0000000     -1.9971579    0.023603848     0.99927504   0.0016217928     0.99927504
      1.0000000     -1.9971577    0.023605136     0.99927501   0.0016218603     0.99927501
      1.0000000     -1.9971579    0.023603960     0.99927504   0.0016217257     0.99927504
      1.0000000     -1.9971579    0.023605012     0.99927504   0.0016217903     0.99927504
      1.0000000     -1.9971581    0.023601789     0.99927510   0.0016215068     0.99927510
      1.0000000     -1.9971583    0.023600768     0.99927516   0.0016213638     0.99927516
      1.0000000     -1.9971583    0.023600614     0.99927514   0.0016213064     0.99927514
      1.0000000     -1.9971581    0.023601377     0.99927511   0.0016213473     0.99927511
      1.0000000     -1.9971583    0.023599232     0.99927516   0.0016211321     0.99927516
      1.0000000     -1.9971585    0.023597886     0.99927519   0.0016210074     0.99927519
      1.0000000     -1.9971584    0.023598404     0.99927518   0.0016209566     0.99927518
      1.0000000     -1.9971583    0.023599480     0.99927514   0.0016210129     0.99927514
      1.0000000     -1.9971583    0.023599447     0.99927516   0.0016210003     0.99927516
      1.0000000     -1.9971582    0.023599853     0.99927513   0.0016209918     0.99927513
      1.0000000     -1.9971581    0.023600729     0.99927510   0.0016210376     0.99927510
      1.0000000     -1.9971581    0.023600878     0.99927510   0.0016209757     0.99927510
      1.0000000     -1.9971582    0.023599814     0.99927511   0.0016209263     0.99927511
      1.0000000     -1.9971580    0.023601040     0.99927505   0.0016209792     0.99927505
      1.0000000     -1.9971580    0.023600468     0.99927506   0.0016208572     0.99927506
      1.0000000     -1.9971577    0.023602226     0.99927499   0.0016209535     0.99927499
      1.0000000     -1.9971575    0.023603724     0.99927493   0.0016210392     0.99927493
      1.0000000     -1.9971578    0.023600681     0.99927501   0.0016207859     0.99927501
      1.0000000     -1.9971576    0.023602090     0.99927496   0.0016208322     0.99927496
      1.0000000     -1.9971577    0.023601077     0.99927498   0.0016206766     0.99927498
      1.0000000     -1.9971577    0.023600929     0.99927499   0.0016206079     0.99927499
      1.0000000     -1.9971576    0.023600699     0.99927497   0.0016205673     0.99927497
      1.0000000     -1.9971578    0.023598538     0.99927500   0.0016203609     0.99927500
      1.0000000     -1.9971577    0.023598896     0.99927500   0.0016203418     0.99927500
      1.0000000     -1.9971577    0.023598892     0.99927499   0.0016203347     0.99927499
      1.0000000     -1.9971577    0.023598506     0.99927499   0.0016202770     0.99927499
      1.0000000     -1.9971577    0.023597672     0.99927500   0.0016201827     0.99927500
      1.0000000     -1.9971579    0.023596844     0.99927502   0.0016201505     0.99927502
      1.0000000     -1.9971576    0.023598550     0.99927496   0.0016202272     0.99927496
      1.0000000     -1.9971577    0.023598259     0.99927498   0.0016201464     0.99927498
      1.0000000     -1.9971580    0.023595807     0.99927506   0.0016198919     0.99927506
      1.0000000     -1.9971581    0.023594158     0.99927508   0.0016197229     0.99927508
      1.0000000     -1.9971579    0.023596107     0.99927504   0.0016198449     0.99927504
      1.0000000     -1.9971578    0.023597159     0.99927500   0.0016198502     0.99927500
      1.0000000     -1.9971578    0.023597138     0.99927500   0.0016198334     0.99927500
      1.0000000     -1.9971580    0.023595336     0.99927505   0.0016196472     0.99927505
      1.0000000     -1.9971579    0.023595499     0.99927504   0.0016195929     0.99927504
      1.0000000     -1.9971579    0.023596079     0.99927505   0.0016195661     0.99927505
      1.0000000     -1.9971578    0.023597137     0.99927501   0.0016196165     0.99927501
      1.0000000     -1.9971576    0.023599107     0.99927496   0.0016197102     0.99927496
      1.0000000     -1.9971576    0.023599163     0.99927496   0.0016196622     0.99927496
      1.0000000     -1.9971577    0.023598509     0.99927498   0.0016195490     0.99927498
      1.0000000     -1.9971578    0.023597057     0.99927500   0.0016194279     0.99927500
      1.0000000     -1.9971577    0.023596862     0.99927500   0.0016194075     0.99927500
      1.0000000     -1.9971577    0.023596833     0.99927498   0.0016193719     0.99927498
      1.0000000     -1.9971577    0.023596659     0.99927497   0.0016193642     0.99927497
      1.0000000     -1.9971578    0.023596377     0.99927499   0.0016193522     0.99927499
      1.0000000     -1.9971578    0.023595045     0.99927501   0.0016191744     0.99927501
      1.0000000     -1.9971576    0.023596526     0.99927494   0.0016192325     0.99927494
      1.0000000     -1.9971576    0.023595739     0.99927496   0.0016191663     0.99927496
      1.0000000     -1.9971576    0.023595280     0.99927496   0.0016190557     0.99927496
      1.0000000     -1.9971577    0.023593409     0.99927497   0.0016188626     0.99927497
      1.0000000     -1.9971577    0.023592718     0.99927499   0.0016187788     0.99927499
      1.0000000     -1.9971578    0.023591127     0.99927501   0.0016186002     0.99927501
      1.0000000     -1.9971576    0.023592807     0.99927496   0.0016186790     0.99927496
      1.0000000     -1.9971578    0.023591330     0.99927502   0.0016185439     0.99927502
      1.0000000     -1.9971577    0.023591759     0.99927499   0.0016185566     0.99927499
      1.0000000     -1.9971576    0.023592465     0.99927496   0.0016186083     0.99927496
      1.0000000     -1.9971578    0.023590957     0.99927500   0.0016184115     0.99927500
      1.0000000     -1.9971578    0.023590311     0.99927500   0.0016183163     0.99927500
      1.0000000     -1.9971575    0.023592368     0.99927494   0.0016184392     0.99927494
      1.0000000     -1.9971578    0.023590302     0.99927500   0.0016182915     0.99927500
      1.0000000     -1.9971576    0.023591145     0.99927496   0.0016183033     0.99927496
      1.0000000     -1.9971577    0.023589754     0.99927499   0.0016181595     0.99927499
      1.0000000     -1.9971578    0.023587966     0.99927501   0.0016179946     0.99927501
      1.0000000     -1.9971581    0.023585878     0.99927508   0.0016178229     0.99927508
      1.0000000     -1.9971581    0.023586256     0.99927508   0.0016178017     0.99927508
      1.0000000     -1.9971582    0.023584344     0.99927512   0.0016175877     0.99927512
      1.0000000     -1.9971582    0.023584652     0.99927511   0.0016176289     0.99927511
      1.0000000     -1.9971583    0.023583286     0.99927514   0.0016174842     0.99927514
      1.0000000     -1.9971585    0.023580730     0.99927519   0.0016173203     0.99927519
      1.0000000     -1.9971584    0.023581923     0.99927515   0.0016173812     0.99927515
      1.0000000     -1.9971584    0.023583026     0.99927516   0.0016174235     0.99927516
      1.0000000     -1.9971583    0.023582985     0.99927514   0.0016173591     0.99927514
      1.0000000     -1.9971584    0.023582755     0.99927515   0.0016173898     0.99927515
      1.0000000     -1.9971585    0.023581326     0.99927519   0.0016172465     0.99927519
      1.0000000     -1.9971585    0.023581854     0.99927519   0.0016172222     0.99927519
      1.0000000     -1.9971583    0.023583747     0.99927513   0.0016172941     0.99927513
      1.0000000     -1.9971583    0.023583745     0.99927513   0.0016172675     0.99927513
      1.0000000     -1.9971582    0.023585041     0.99927510   0.0016173135     0.99927510
      1.0000000     -1.9971582    0.023584245     0.99927511   0.0016172403     0.99927511
      1.0000000     -1.9971584    0.023582879     0.99927515   0.0016170961     0.99927515
      1.0000000     -1.9971585    0.023582096     0.99927517   0.0016169933     0.99927517
      1.0000000     -1.9971584    0.023582326     0.99927517   0.0016169756     0.99927517
      1.0000000     -1.9971585    0.023581615     0.99927518   0.0016169024     0.99927518
      1.0000000     -1.9971584    0.023582597     0.99927516   0.0016169585     0.99927516
      1.0000000     -1.9971587    0.023579832     0.99927523   0.0016167709     0.99927523
      1.0000000     -1.9971588    0.023579861     0.99927523   0.0016167796     0.99927523
      1.0000000     -1.9971588    0.023578988     0.99927524   0.0016166878     0.99927524
      1.0000000     -1.9971588    0.023579015     0.99927523   0.0016166616     0.99927523
      1.0000000     -1.9971587    0.023578686     0.99927523   0.0016166007     0.99927523
      1.0000000     -1.9971589    0.023576708     0.99927527   0.0016164045     0.99927527
      1.0000000     -1.9971588    0.023577624     0.99927524   0.0016164069     0.99927524
      1.0000000     -1.9971589    0.023576188     0.99927528   0.0016162811     0.99927528
      1.0000000     -1.9971588    0.023577622     0.99927524   0.0016163287     0.99927524
      1.0000000     -1.9971588    0.023577296     0.99927525   0.0016162322     0.99927525
      1.0000000     -1.9971589    0.023575963     0.99927528   0.0016160881     0.99927528
      1.0000000     -1.9971588    0.023576403     0.99927526   0.0016160967     0.99927526
      1.0000000     -1.9971590    0.023575550     0.99927529   0.0016160181     0.99927529
      1.0000000     -1.9971589    0.023576417     0.99927527   0.0016160187     0.99927527
      1.0000000     -1.9971590    0.023574992     0.99927531   0.0016158891     0.99927531
      1.0000000     -1.9971589    0.023576548     0.99927527   0.0016159516     0.99927527
      1.0000000     -1.9971588    0.023577380     0.99927525   0.0016159903     0.99927525
      1.0000000     -1.9971588    0.023576821     0.99927526   0.0016159033     0.99927526
      1.0000000     -1.9971588    0.023577018     0.99927526   0.0016158873     0.99927526
      1.0000000     -1.9971589    0.023576210     0.99927529   0.0016157691     0.99927529
      1.0000000     -1.9971590    0.023575634     0.99927531   0.0016156965     0.99927531
      1.0000000     -1.9971589    0.023576597     0.99927528   0.0016157320     0.99927528
      1.0000000     -1.9971589    0.023576023     0.99927529   0.0016156424     0.99927529
      1.0000000     -1.9971591    0.023574717     0.99927532   0.0016155222     0.99927532
      1.0000000     -1.9971591    0.023574431     0.99927532   0.0016154852     0.99927532
      1.0000000     -1.9971591    0.023573688     0.99927533   0.0016153736     0.99927533
      1.0000000     -1.9971590    0.023573371     0.99927532   0.0016152760     0.99927532
      1.0000000     -1.9971589    0.023573133     0.99927530   0.0016152563     0.99927530
      1.0000000     -1.9971589    0.023573987     0.99927527   0.0016152632     0.99927527
      1.0000000     -1.9971589    0.023573640     0.99927527   0.0016151861     0.99927527
      1.0000000     -1.9971589    0.023573051     0.99927529   0.0016150900     0.99927529
      1.0000000     -1.9971589    0.023573145     0.99927528   0.0016150542     0.99927528
      1.0000000     -1.9971589    0.023571607     0.99927529   0.0016149408     0.99927529
      1.0000000     -1.9971590    0.023570282     0.99927531   0.0016147732     0.99927531
      1.0000000     -1.9971589    0.023569507     0.99927529   0.0016146569     0.99927529
      1.0000000     -1.9971589    0.023568877     0.99927530   0.0016145441     0.99927530
      1.0000000     -1.9971588    0.023569914     0.99927528   0.0016145879     0.99927528
      1.0000000     -1.9971588    0.023568826     0.99927529   0.0016144723     0.99927529
      1.0000000     -1.9971587    0.023570263     0.99927524   0.0016145120     0.99927524
      1.0000000     -1.9971586    0.023570095     0.99927523   0.0016144796     0.99927523
      1.0000000     -1.9971586    0.023570571     0.99927523   0.0016145024     0.99927523
      1.0000000     -1.9971587    0.023569138     0.99927526   0.0016143895     0.99927526
      1.0000000     -1.9971586    0.023570843     0.99927521   0.0016144824     0.99927521
      1.0000000     -1.9971587    0.023568285     0.99927526   0.0016142422     0.99927526
      1.0000000     -1.9971587    0.023569221     0.99927525   0.0016142776     0.99927525
      1.0000000     -1.9971586    0.023570199     0.99927523   0.0016142969     0.99927523
      1.0000000     -1.9971587    0.023569484     0.99927525   0.0016141962     0.99927525
      1.0000000     -1.9971588    0.023567731     0.99927528   0.0016139947     0.99927528
      1.0000000     -1.9971588    0.023567224     0.99927528   0.0016139259     0.99927528
      1.0000000     -1.9971588    0.023567235     0.99927528   0.0016138980     0.99927528
      1.0000000     -1.9971587    0.023567928     0.99927526   0.0016138748     0.99927526
      1.0000000     -1.9971585    0.023568797     0.99927521   0.0016138999     0.99927521
      1.0000000     -1.9971583    0.023570256     0.99927517   0.0016139786     0.99927517
      1.0000000     -1.9971585    0.023568097     0.99927522   0.0016137766     0.99927522
      1.0000000     -1.9971583    0.023570310     0.99927517   0.0016138890     0.99927517
      1.0000000     -1.9971583    0.023570238     0.99927516   0.0016138262     0.99927516
      1.0000000     -1.9971584    0.023569109     0.99927520   0.0016137086     0.99927520
      1.0000000     -1.9971582    0.023570736     0.99927513   0.0016137698     0.99927513
      1.0000000     -1.9971581    0.023570983     0.99927511   0.0016137318     0.99927511
      1.0000000     -1.9971583    0.023569318     0.99927516   0.0016136303     0.99927516
      1.0000000     -1.9971583    0.023569143     0.99927515   0.0016135873     0.99927515
      1.0000000     -1.9971585    0.023567567     0.99927520   0.0016134489     0.99927520
      1.0000000     -1.9971585    0.023567401     0.99927520   0.0016133875     0.99927520
      1.0000000     -1.9971587    0.023565814     0.99927526   0.0016132768     0.99927526
      1.0000000     -1.9971587    0.023565949     0.99927526   0.0016132147     0.99927526
      1.0000000     -1.9971589    0.023563854     0.99927531   0.0016130412     0.99927531
      1.0000000     -1.9971587    0.023565036     0.99927526   0.0016130989     0.99927526
      1.0000000     -1.9971587    0.023564693     0.99927527   0.0016130197     0.99927527
      1.0000000     -1.9971589    0.023563630     0.99927530   0.0016129602     0.99927530
      1.0000000     -1.9971589    0.023563394     0.99927532   0.0016128962     0.99927532
      1.0000000     -1.9971590    0.023562293     0.99927536   0.0016127824     0.99927536
      1.0000000     -1.9971591    0.023561923     0.99927537   0.0016127197     0.99927537
      1.0000000     -1.9971593    0.023560569     0.99927542   0.0016125765     0.99927542
      1.0000000     -1.9971595    0.023558823     0.99927547   0.0016124262     0.99927547
      1.0000000     -1.9971594    0.023559694     0.99927544   0.0016124647     0.99927544
      1.0000000     -1.9971595    0.023558051     0.99927549   0.0016123007     0.99927549
      1.0000000     -1.9971596    0.023557274     0.99927550   0.0016122675     0.99927550
      1.0000000     -1.9971598    0.023555399     0.99927555   0.0016120507     0.99927555
      1.0000000     -1.9971597    0.023555665     0.99927553   0.0016120718     0.99927553
      1.0000000     -1.9971597    0.023556014     0.99927552   0.0016120513     0.99927552
      1.0000000     -1.9971596    0.023556245     0.99927549   0.0016120802     0.99927549
      1.0000000     -1.9971596    0.023555654     0.99927551   0.0016119853     0.99927551
      1.0000000     -1.9971596    0.023555388     0.99927551   0.0016119368     0.99927551
      1.0000000     -1.9971598    0.023553100     0.99927556   0.0016117217     0.99927556
      1.0000000     -1.9971598    0.023553316     0.99927555   0.0016117293     0.99927555
      1.0000000     -1.9971596    0.023553953     0.99927550   0.0016117089     0.99927550
      1.0000000     -1.9971597    0.023553248     0.99927553   0.0016116318     0.99927553
      1.0000000     -1.9971594    0.023555554     0.99927546   0.0016117474     0.99927546
      1.0000000     -1.9971594    0.023555640     0.99927545   0.0016116704     0.99927545
      1.0000000     -1.9971593    0.023555478     0.99927544   0.0016116695     0.99927544
      1.0000000     -1.9971594    0.023555212     0.99927545   0.0016115954     0.99927545
      1.0000000     -1.9971594    0.023554401     0.99927545   0.0016115348     0.99927545
      1.0000000     -1.9971595    0.023553089     0.99927549   0.0016114206     0.99927549
      1.0000000     -1.9971596    0.023552426     0.99927551   0.0016113279     0.99927551
      1.0000000     -1.9971594    0.023553569     0.99927546   0.0016113480     0.99927546
      1.0000000     -1.9971595    0.023551859     0.99927549   0.0016112088     0.99927549
      1.0000000     -1.9971596    0.023551237     0.99927551   0.0016111180     0.99927551
      1.0000000     -1.9971595    0.023551774     0.99927550   0.0016111225     0.99927550
      1.0000000     -1.9971597    0.023550693     0.99927554   0.0016110272     0.99927554
      1.0000000     -1.9971598    0.023549082     0.99927557   0.0016108854     0.99927557
      1.0000000     -1.9971598    0.023548864     0.99927557   0.0016108473     0.99927557
      1.0000000     -1.9971598    0.023549315     0.99927556   0.0016108379     0.99927556
      1.0000000     -1.9971598    0.023549195     0.99927556   0.0016107840     0.99927556
      1.0000000     -1.9971598    0.023549236     0.99927557   0.0016107934     0.99927557
      1.0000000     -1.9971600    0.023548132     0.99927561   0.0016106714     0.99927561
      1.0000000     -1.9971600    0.023548547     0.99927560   0.0016107422     0.99927560
      1.0000000     -1.9971602    0.023547168     0.99927565   0.0016106110     0.99927565
      1.0000000     -1.9971603    0.023545720     0.99927570   0.0016104624     0.99927570
      1.0000000     -1.9971602    0.023546011     0.99927568   0.0016104324     0.99927568
      1.0000000     -1.9971602    0.023546645     0.99927566   0.0016104459     0.99927566
      1.0000000     -1.9971603    0.023545453     0.99927568   0.0016103702     0.99927568
      1.0000000     -1.9971602    0.023545650     0.99927567   0.0016103740     0.99927567
      1.0000000     -1.9971603    0.023545593     0.99927567   0.0016103313     0.99927567
      1.0000000     -1.9971604    0.023544017     0.99927571   0.0016101731     0.99927571
      1.0000000     -1.9971602    0.023544949     0.99927566   0.0016102438     0.99927566
      1.0000000     -1.9971603    0.023544190     0.99927569   0.0016101672     0.99927569
      1.0000000     -1.9971604    0.023543054     0.99927570   0.0016100833     0.99927570
      1.0000000     -1.9971604    0.023542362     0.99927571   0.0016100197     0.99927571
