T     E/N       E-var/TT       M/N       M-var/T       Mabs/N       
      1.0000000     -1.9969857     0.25091420     0.99916071    0.058599668     0.99916071
      1.0000000     -1.9970186     0.13742729     0.99920464    0.030099106     0.99920464
      1.0000000     -1.9971619    0.098694277     0.99925262    0.020541807     0.99925262
      1.0000000     -1.9971771    0.079735448     0.99926339    0.015786178     0.99926339
      1.0000000     -1.9972054    0.068324148     0.99927314    0.012941243     0.99927314
      1.0000000     -1.9972357    0.060497776     0.99928393    0.011018468     0.99928393
      1.0000000     -1.9972206    0.055314083     0.99928153   0.0096761738     0.99928153
      1.0000000     -1.9972116    0.051316375     0.99927955   0.0086682756     0.99927955
      1.0000000     -1.9972324    0.047976114     0.99928619   0.0078612698     0.99928619
      1.0000000     -1.9972089    0.045660951     0.99928071   0.0072427655     0.99928071
      1.0000000     -1.9971948    0.043731314     0.99927721   0.0067379117     0.99927721
      1.0000000     -1.9972150    0.041807986     0.99928298   0.0062914936     0.99928298
      1.0000000     -1.9972086    0.040427786     0.99928198   0.0059300415     0.99928198
      1.0000000     -1.9972010    0.039263836     0.99928051   0.0056217093     0.99928051
      1.0000000     -1.9972108    0.038109775     0.99928333   0.0053452222     0.99928333
      1.0000000     -1.9972036    0.037197709     0.99928192   0.0051086550     0.99928192
      1.0000000     -1.9971972    0.036398289     0.99928080   0.0048994021     0.99928080
      1.0000000     -1.9971981    0.035647033     0.99928115   0.0047130642     0.99928115
      1.0000000     -1.9971936    0.034969066     0.99928026   0.0045448968     0.99928026
      1.0000000     -1.9971885    0.034398473     0.99927921   0.0043963300     0.99927921
      1.0000000     -1.9971835    0.033916539     0.99927799   0.0042650199     0.99927799
      1.0000000     -1.9971842    0.033432565     0.99927815   0.0041434558     0.99927815
      1.0000000     -1.9971690    0.033091084     0.99927432   0.0040392293     0.99927432
      1.0000000     -1.9971670    0.032722079     0.99927390   0.0039388132     0.99927390
      1.0000000     -1.9971745    0.032275909     0.99927594   0.0038397822     0.99927594
      1.0000000     -1.9971734    0.031943145     0.99927569   0.0037536097     0.99927569
      1.0000000     -1.9971705    0.031637306     0.99927521   0.0036727828     0.99927521
      1.0000000     -1.9971656    0.031393029     0.99927413   0.0036006752     0.99927413
      1.0000000     -1.9971524    0.031204186     0.99927094   0.0035358592     0.99927094
      1.0000000     -1.9971508    0.030981607     0.99927048   0.0034739751     0.99927048
      1.0000000     -1.9971535    0.030693911     0.99927124   0.0034095937     0.99927124
      1.0000000     -1.9971488    0.030515930     0.99927029   0.0033540184     0.99927029
      1.0000000     -1.9971447    0.030322225     0.99926935   0.0033010926     0.99926935
      1.0000000     -1.9971507    0.030057334     0.99927109   0.0032450405     0.99927109
      1.0000000     -1.9971512    0.029872719     0.99927135   0.0031969320     0.99927135
      1.0000000     -1.9971554    0.029666854     0.99927258   0.0031490580     0.99927258
      1.0000000     -1.9971483    0.029554936     0.99927079   0.0031106611     0.99927079
      1.0000000     -1.9971474    0.029381560     0.99927062   0.0030691946     0.99927062
      1.0000000     -1.9971511    0.029175400     0.99927174   0.0030260600     0.99927174
      1.0000000     -1.9971435    0.029128673     0.99926961   0.0029989677     0.99926961
      1.0000000     -1.9971451    0.028994284     0.99927009   0.0029642776     0.99927009
      1.0000000     -1.9971449    0.028877258     0.99927003   0.0029328463     0.99927003
      1.0000000     -1.9971439    0.028762430     0.99926985   0.0029015367     0.99926985
      1.0000000     -1.9971431    0.028636011     0.99926971   0.0028707602     0.99926971
      1.0000000     -1.9971468    0.028488447     0.99927075   0.0028391167     0.99927075
      1.0000000     -1.9971436    0.028394285     0.99926997   0.0028125361     0.99926997
      1.0000000     -1.9971476    0.028266739     0.99927093   0.0027854054     0.99927093
      1.0000000     -1.9971452    0.028189284     0.99927036   0.0027617509     0.99927036
      1.0000000     -1.9971436    0.028128096     0.99927000   0.0027397846     0.99927000
      1.0000000     -1.9971461    0.028025155     0.99927059   0.0027162962     0.99927059
      1.0000000     -1.9971543    0.027861172     0.99927275   0.0026886082     0.99927275
      1.0000000     -1.9971540    0.027787926     0.99927266   0.0026677890     0.99927266
      1.0000000     -1.9971512    0.027741027     0.99927178   0.0026518669     0.99927178
      1.0000000     -1.9971437    0.027701874     0.99927001   0.0026338054     0.99927001
      1.0000000     -1.9971404    0.027644851     0.99926922   0.0026155275     0.99926922
      1.0000000     -1.9971418    0.027547055     0.99926966   0.0025949296     0.99926966
      1.0000000     -1.9971448    0.027457757     0.99927048   0.0025755391     0.99927048
      1.0000000     -1.9971465    0.027378840     0.99927091   0.0025579630     0.99927091
      1.0000000     -1.9971437    0.027352210     0.99927019   0.0025439991     0.99927019
      1.0000000     -1.9971425    0.027288639     0.99927001   0.0025272041     0.99927001
      1.0000000     -1.9971423    0.027227086     0.99927002   0.0025113502     0.99927002
      1.0000000     -1.9971417    0.027176932     0.99926992   0.0024965394     0.99926992
      1.0000000     -1.9971439    0.027104502     0.99927050   0.0024809181     0.99927050
      1.0000000     -1.9971461    0.027031284     0.99927108   0.0024657084     0.99927108
      1.0000000     -1.9971449    0.026981951     0.99927077   0.0024525198     0.99927077
      1.0000000     -1.9971456    0.026936559     0.99927093   0.0024400672     0.99927093
      1.0000000     -1.9971473    0.026873949     0.99927143   0.0024259677     0.99927143
      1.0000000     -1.9971489    0.026812242     0.99927190   0.0024122976     0.99927190
      1.0000000     -1.9971493    0.026757594     0.99927201   0.0023998953     0.99927201
      1.0000000     -1.9971490    0.026695833     0.99927198   0.0023870557     0.99927198
      1.0000000     -1.9971490    0.026647378     0.99927196   0.0023753684     0.99927196
      1.0000000     -1.9971504    0.026586984     0.99927232   0.0023638285     0.99927232
      1.0000000     -1.9971519    0.026530110     0.99927273   0.0023518168     0.99927273
      1.0000000     -1.9971516    0.026489247     0.99927270   0.0023412340     0.99927270
      1.0000000     -1.9971535    0.026446072     0.99927322   0.0023305824     0.99927322
      1.0000000     -1.9971534    0.026408237     0.99927320   0.0023209577     0.99927320
      1.0000000     -1.9971534    0.026370791     0.99927315   0.0023116093     0.99927315
      1.0000000     -1.9971579    0.026300768     0.99927433   0.0022997833     0.99927433
      1.0000000     -1.9971591    0.026255715     0.99927462   0.0022902711     0.99927462
      1.0000000     -1.9971568    0.026232646     0.99927402   0.0022823943     0.99927402
      1.0000000     -1.9971564    0.026191925     0.99927395   0.0022728799     0.99927395
      1.0000000     -1.9971567    0.026161048     0.99927402   0.0022646665     0.99927402
      1.0000000     -1.9971565    0.026131482     0.99927404   0.0022559548     0.99927404
      1.0000000     -1.9971576    0.026081060     0.99927440   0.0022460713     0.99927440
      1.0000000     -1.9971549    0.026070031     0.99927364   0.0022402034     0.99927364
      1.0000000     -1.9971584    0.026009547     0.99927457   0.0022303632     0.99927457
      1.0000000     -1.9971568    0.025999856     0.99927413   0.0022243352     0.99927413
      1.0000000     -1.9971566    0.025974423     0.99927408   0.0022170586     0.99927408
      1.0000000     -1.9971552    0.025958746     0.99927372   0.0022108184     0.99927372
      1.0000000     -1.9971566    0.025918247     0.99927411   0.0022025675     0.99927411
      1.0000000     -1.9971570    0.025893313     0.99927419   0.0021960626     0.99927419
      1.0000000     -1.9971588    0.025849064     0.99927468   0.0021880591     0.99927468
      1.0000000     -1.9971611    0.025801728     0.99927524   0.0021803643     0.99927524
      1.0000000     -1.9971606    0.025782557     0.99927514   0.0021741650     0.99927514
      1.0000000     -1.9971591    0.025760393     0.99927480   0.0021676774     0.99927480
      1.0000000     -1.9971607    0.025732603     0.99927520   0.0021613100     0.99927520
      1.0000000     -1.9971614    0.025702762     0.99927535   0.0021550360     0.99927535
      1.0000000     -1.9971614    0.025668991     0.99927543   0.0021480606     0.99927543
      1.0000000     -1.9971624    0.025632930     0.99927568   0.0021412399     0.99927568
      1.0000000     -1.9971628    0.025609530     0.99927579   0.0021354810     0.99927579
      1.0000000     -1.9971621    0.025588093     0.99927560   0.0021299005     0.99927560
      1.0000000     -1.9971624    0.025561849     0.99927567   0.0021241833     0.99927567
      1.0000000     -1.9971648    0.025522890     0.99927636   0.0021171534     0.99927636
      1.0000000     -1.9971653    0.025494563     0.99927650   0.0021112769     0.99927650
      1.0000000     -1.9971663    0.025471672     0.99927677   0.0021058630     0.99927677
      1.0000000     -1.9971672    0.025440572     0.99927699   0.0021000697     0.99927699
      1.0000000     -1.9971671    0.025409416     0.99927705   0.0020937674     0.99927705
      1.0000000     -1.9971677    0.025385361     0.99927721   0.0020885954     0.99927721
      1.0000000     -1.9971682    0.025357338     0.99927737   0.0020829847     0.99927737
      1.0000000     -1.9971682    0.025338206     0.99927742   0.0020779020     0.99927742
      1.0000000     -1.9971686    0.025311667     0.99927753   0.0020725527     0.99927753
      1.0000000     -1.9971685    0.025292907     0.99927749   0.0020680178     0.99927749
      1.0000000     -1.9971655    0.025304682     0.99927670   0.0020657287     0.99927670
      1.0000000     -1.9971647    0.025296916     0.99927649   0.0020621679     0.99927649
      1.0000000     -1.9971656    0.025274321     0.99927670   0.0020575558     0.99927670
      1.0000000     -1.9971658    0.025251421     0.99927677   0.0020529289     0.99927677
      1.0000000     -1.9971655    0.025240346     0.99927668   0.0020490621     0.99927668
      1.0000000     -1.9971649    0.025229546     0.99927653   0.0020452741     0.99927653
      1.0000000     -1.9971652    0.025208615     0.99927660   0.0020409306     0.99927660
      1.0000000     -1.9971664    0.025185914     0.99927693   0.0020364385     0.99927693
      1.0000000     -1.9971673    0.025160765     0.99927716   0.0020319576     0.99927716
      1.0000000     -1.9971665    0.025159556     0.99927693   0.0020291127     0.99927693
      1.0000000     -1.9971660    0.025151145     0.99927680   0.0020258103     0.99927680
      1.0000000     -1.9971656    0.025136258     0.99927672   0.0020219344     0.99927672
      1.0000000     -1.9971651    0.025123962     0.99927663   0.0020182592     0.99927663
      1.0000000     -1.9971668    0.025097710     0.99927713   0.0020134188     0.99927713
      1.0000000     -1.9971657    0.025096792     0.99927684   0.0020108074     0.99927684
      1.0000000     -1.9971638    0.025101789     0.99927633   0.0020086446     0.99927633
      1.0000000     -1.9971632    0.025085201     0.99927618   0.0020049550     0.99927618
      1.0000000     -1.9971619    0.025079171     0.99927586   0.0020020632     0.99927586
      1.0000000     -1.9971605    0.025075931     0.99927554   0.0019991797     0.99927554
      1.0000000     -1.9971607    0.025064251     0.99927556   0.0019962235     0.99927556
      1.0000000     -1.9971595    0.025058363     0.99927527   0.0019934396     0.99927527
      1.0000000     -1.9971606    0.025037395     0.99927553   0.0019896966     0.99927553
      1.0000000     -1.9971596    0.025034397     0.99927528   0.0019872036     0.99927528
      1.0000000     -1.9971597    0.025027611     0.99927530   0.0019845349     0.99927530
      1.0000000     -1.9971600    0.025019421     0.99927533   0.0019820081     0.99927533
      1.0000000     -1.9971591    0.025018179     0.99927511   0.0019799683     0.99927511
      1.0000000     -1.9971585    0.025010361     0.99927497   0.0019772039     0.99927497
      1.0000000     -1.9971584    0.025000719     0.99927494   0.0019744623     0.99927494
      1.0000000     -1.9971583    0.024987376     0.99927491   0.0019714022     0.99927491
      1.0000000     -1.9971589    0.024966399     0.99927509   0.0019678177     0.99927509
      1.0000000     -1.9971580    0.024956517     0.99927484   0.0019653387     0.99927484
      1.0000000     -1.9971594    0.024934522     0.99927518   0.0019617910     0.99927518
      1.0000000     -1.9971587    0.024927354     0.99927504   0.0019590565     0.99927504
      1.0000000     -1.9971605    0.024904493     0.99927552   0.0019555232     0.99927552
      1.0000000     -1.9971592    0.024913452     0.99927515   0.0019544118     0.99927515
      1.0000000     -1.9971583    0.024906474     0.99927493   0.0019519502     0.99927493
      1.0000000     -1.9971594    0.024884191     0.99927522   0.0019486602     0.99927522
      1.0000000     -1.9971596    0.024875850     0.99927528   0.0019460244     0.99927528
      1.0000000     -1.9971588    0.024873665     0.99927506   0.0019442228     0.99927506
      1.0000000     -1.9971576    0.024871325     0.99927473   0.0019424612     0.99927473
      1.0000000     -1.9971577    0.024862748     0.99927474   0.0019402080     0.99927474
      1.0000000     -1.9971579    0.024851269     0.99927478   0.0019377033     0.99927478
      1.0000000     -1.9971574    0.024845598     0.99927464   0.0019357692     0.99927464
      1.0000000     -1.9971564    0.024847876     0.99927435   0.0019347089     0.99927435
      1.0000000     -1.9971580    0.024819334     0.99927476   0.0019310959     0.99927476
      1.0000000     -1.9971577    0.024811795     0.99927464   0.0019294614     0.99927464
      1.0000000     -1.9971569    0.024805358     0.99927446   0.0019273142     0.99927446
      1.0000000     -1.9971578    0.024789538     0.99927468   0.0019245929     0.99927468
      1.0000000     -1.9971563    0.024796120     0.99927431   0.0019233945     0.99927431
      1.0000000     -1.9971561    0.024790814     0.99927423   0.0019217802     0.99927423
      1.0000000     -1.9971569    0.024777996     0.99927447   0.0019190191     0.99927447
      1.0000000     -1.9971578    0.024759875     0.99927472   0.0019161624     0.99927472
      1.0000000     -1.9971591    0.024742024     0.99927505   0.0019133732     0.99927505
      1.0000000     -1.9971587    0.024733880     0.99927496   0.0019113085     0.99927496
      1.0000000     -1.9971600    0.024714433     0.99927529   0.0019083019     0.99927529
      1.0000000     -1.9971602    0.024704919     0.99927532   0.0019063890     0.99927532
      1.0000000     -1.9971601    0.024692647     0.99927532   0.0019039659     0.99927532
      1.0000000     -1.9971592    0.024694779     0.99927508   0.0019025610     0.99927508
      1.0000000     -1.9971604    0.024674415     0.99927538   0.0018999060     0.99927538
      1.0000000     -1.9971610    0.024664125     0.99927554   0.0018978762     0.99927554
      1.0000000     -1.9971606    0.024656644     0.99927543   0.0018959469     0.99927543
      1.0000000     -1.9971609    0.024648193     0.99927549   0.0018941301     0.99927549
      1.0000000     -1.9971602    0.024650263     0.99927533   0.0018928863     0.99927533
      1.0000000     -1.9971600    0.024649590     0.99927531   0.0018911569     0.99927531
      1.0000000     -1.9971593    0.024647575     0.99927515   0.0018896372     0.99927515
      1.0000000     -1.9971593    0.024642722     0.99927513   0.0018879889     0.99927513
      1.0000000     -1.9971592    0.024633030     0.99927513   0.0018859158     0.99927513
      1.0000000     -1.9971591    0.024628979     0.99927508   0.0018844571     0.99927508
      1.0000000     -1.9971584    0.024629011     0.99927495   0.0018829957     0.99927495
      1.0000000     -1.9971597    0.024611602     0.99927528   0.0018804005     0.99927528
      1.0000000     -1.9971599    0.024603756     0.99927534   0.0018785808     0.99927534
      1.0000000     -1.9971587    0.024606421     0.99927503   0.0018775786     0.99927503
      1.0000000     -1.9971601    0.024587018     0.99927542   0.0018748798     0.99927542
      1.0000000     -1.9971608    0.024571984     0.99927560   0.0018726220     0.99927560
      1.0000000     -1.9971605    0.024572186     0.99927551   0.0018714295     0.99927551
      1.0000000     -1.9971611    0.024563644     0.99927570   0.0018694920     0.99927570
      1.0000000     -1.9971619    0.024546906     0.99927589   0.0018671151     0.99927589
      1.0000000     -1.9971626    0.024533993     0.99927608   0.0018649940     0.99927608
      1.0000000     -1.9971631    0.024523148     0.99927624   0.0018629676     0.99927624
      1.0000000     -1.9971637    0.024515524     0.99927638   0.0018612811     0.99927638
      1.0000000     -1.9971621    0.024518380     0.99927599   0.0018603005     0.99927599
      1.0000000     -1.9971621    0.024511419     0.99927600   0.0018588335     0.99927600
      1.0000000     -1.9971629    0.024501562     0.99927619   0.0018571850     0.99927619
      1.0000000     -1.9971637    0.024489194     0.99927638   0.0018553150     0.99927638
      1.0000000     -1.9971636    0.024480367     0.99927636   0.0018536322     0.99927636
      1.0000000     -1.9971639    0.024471801     0.99927643   0.0018519342     0.99927643
      1.0000000     -1.9971640    0.024464388     0.99927646   0.0018505441     0.99927646
      1.0000000     -1.9971642    0.024455973     0.99927648   0.0018490210     0.99927648
      1.0000000     -1.9971632    0.024460209     0.99927624   0.0018482939     0.99927624
      1.0000000     -1.9971638    0.024451956     0.99927637   0.0018468867     0.99927637
      1.0000000     -1.9971636    0.024448184     0.99927632   0.0018455835     0.99927632
      1.0000000     -1.9971637    0.024443471     0.99927638   0.0018441818     0.99927638
      1.0000000     -1.9971638    0.024433887     0.99927641   0.0018423955     0.99927641
      1.0000000     -1.9971632    0.024435510     0.99927626   0.0018416563     0.99927626
      1.0000000     -1.9971631    0.024430434     0.99927621   0.0018404775     0.99927621
      1.0000000     -1.9971632    0.024427095     0.99927622   0.0018393644     0.99927622
      1.0000000     -1.9971635    0.024422637     0.99927627   0.0018383083     0.99927627
      1.0000000     -1.9971643    0.024407932     0.99927651   0.0018362528     0.99927651
      1.0000000     -1.9971648    0.024398074     0.99927665   0.0018345507     0.99927665
      1.0000000     -1.9971649    0.024394541     0.99927669   0.0018333175     0.99927669
      1.0000000     -1.9971652    0.024386838     0.99927677   0.0018317569     0.99927677
      1.0000000     -1.9971659    0.024375946     0.99927692   0.0018307482     0.99927692
      1.0000000     -1.9971660    0.024371970     0.99927694   0.0018295383     0.99927694
      1.0000000     -1.9971658    0.024368267     0.99927689   0.0018283145     0.99927689
      1.0000000     -1.9971646    0.024372379     0.99927660   0.0018277426     0.99927660
      1.0000000     -1.9971655    0.024358349     0.99927685   0.0018257653     0.99927685
      1.0000000     -1.9971652    0.024354832     0.99927678   0.0018245827     0.99927678
      1.0000000     -1.9971660    0.024345415     0.99927698   0.0018231745     0.99927698
      1.0000000     -1.9971666    0.024332972     0.99927716   0.0018213411     0.99927716
      1.0000000     -1.9971653    0.024343009     0.99927681   0.0018211790     0.99927681
      1.0000000     -1.9971655    0.024332694     0.99927689   0.0018195461     0.99927689
      1.0000000     -1.9971659    0.024325098     0.99927696   0.0018183622     0.99927696
      1.0000000     -1.9971658    0.024318523     0.99927696   0.0018170179     0.99927696
      1.0000000     -1.9971665    0.024307827     0.99927713   0.0018155349     0.99927713
      1.0000000     -1.9971658    0.024306811     0.99927694   0.0018146757     0.99927694
      1.0000000     -1.9971661    0.024300604     0.99927702   0.0018135125     0.99927702
      1.0000000     -1.9971668    0.024290871     0.99927721   0.0018120164     0.99927721
      1.0000000     -1.9971671    0.024284836     0.99927730   0.0018107498     0.99927730
      1.0000000     -1.9971671    0.024283038     0.99927729   0.0018097410     0.99927729
      1.0000000     -1.9971677    0.024275130     0.99927745   0.0018083488     0.99927745
      1.0000000     -1.9971681    0.024265286     0.99927755   0.0018070593     0.99927755
      1.0000000     -1.9971685    0.024263089     0.99927766   0.0018062692     0.99927766
      1.0000000     -1.9971688    0.024253177     0.99927774   0.0018047744     0.99927774
      1.0000000     -1.9971691    0.024247036     0.99927781   0.0018036804     0.99927781
      1.0000000     -1.9971683    0.024248360     0.99927758   0.0018029633     0.99927758
      1.0000000     -1.9971678    0.024248632     0.99927744   0.0018023933     0.99927744
      1.0000000     -1.9971675    0.024249020     0.99927734   0.0018020153     0.99927734
      1.0000000     -1.9971670    0.024249087     0.99927719   0.0018013477     0.99927719
      1.0000000     -1.9971660    0.024255377     0.99927695   0.0018010769     0.99927695
      1.0000000     -1.9971660    0.024251114     0.99927695   0.0017999617     0.99927695
      1.0000000     -1.9971652    0.024251158     0.99927677   0.0017991601     0.99927677
      1.0000000     -1.9971665    0.024238825     0.99927712   0.0017975976     0.99927712
      1.0000000     -1.9971671    0.024227369     0.99927727   0.0017962039     0.99927727
      1.0000000     -1.9971678    0.024219458     0.99927743   0.0017952322     0.99927743
      1.0000000     -1.9971680    0.024214612     0.99927748   0.0017942429     0.99927748
      1.0000000     -1.9971685    0.024207745     0.99927761   0.0017930506     0.99927761
      1.0000000     -1.9971686    0.024206017     0.99927762   0.0017921761     0.99927762
      1.0000000     -1.9971684    0.024202798     0.99927761   0.0017911133     0.99927761
      1.0000000     -1.9971686    0.024196362     0.99927767   0.0017899538     0.99927767
      1.0000000     -1.9971685    0.024194581     0.99927762   0.0017893162     0.99927762
      1.0000000     -1.9971680    0.024193461     0.99927752   0.0017885067     0.99927752
      1.0000000     -1.9971677    0.024196044     0.99927745   0.0017880620     0.99927745
      1.0000000     -1.9971679    0.024192831     0.99927750   0.0017871575     0.99927750
      1.0000000     -1.9971672    0.024198035     0.99927730   0.0017869335     0.99927730
      1.0000000     -1.9971672    0.024192809     0.99927732   0.0017859172     0.99927732
      1.0000000     -1.9971666    0.024195158     0.99927714   0.0017857086     0.99927714
      1.0000000     -1.9971660    0.024199990     0.99927699   0.0017854333     0.99927699
      1.0000000     -1.9971657    0.024199783     0.99927688   0.0017850402     0.99927688
      1.0000000     -1.9971660    0.024196092     0.99927696   0.0017842488     0.99927696
      1.0000000     -1.9971653    0.024199352     0.99927679   0.0017838426     0.99927679
      1.0000000     -1.9971654    0.024195246     0.99927682   0.0017829078     0.99927682
      1.0000000     -1.9971662    0.024181631     0.99927705   0.0017812339     0.99927705
      1.0000000     -1.9971660    0.024183554     0.99927700   0.0017807074     0.99927700
      1.0000000     -1.9971657    0.024183722     0.99927693   0.0017800612     0.99927693
      1.0000000     -1.9971667    0.024174100     0.99927717   0.0017788113     0.99927717
      1.0000000     -1.9971666    0.024172199     0.99927715   0.0017781834     0.99927715
      1.0000000     -1.9971665    0.024167253     0.99927713   0.0017772909     0.99927713
      1.0000000     -1.9971666    0.024167934     0.99927713   0.0017769040     0.99927713
      1.0000000     -1.9971666    0.024166167     0.99927713   0.0017761585     0.99927713
      1.0000000     -1.9971658    0.024170784     0.99927692   0.0017758567     0.99927692
      1.0000000     -1.9971653    0.024168485     0.99927679   0.0017752676     0.99927679
      1.0000000     -1.9971652    0.024167541     0.99927676   0.0017745910     0.99927676
      1.0000000     -1.9971644    0.024169348     0.99927656   0.0017742559     0.99927656
      1.0000000     -1.9971639    0.024168462     0.99927644   0.0017736339     0.99927644
      1.0000000     -1.9971632    0.024174010     0.99927624   0.0017736014     0.99927624
      1.0000000     -1.9971631    0.024170727     0.99927623   0.0017726538     0.99927623
      1.0000000     -1.9971636    0.024165074     0.99927636   0.0017717052     0.99927636
      1.0000000     -1.9971639    0.024161567     0.99927644   0.0017708519     0.99927644
      1.0000000     -1.9971642    0.024158118     0.99927650   0.0017704272     0.99927650
      1.0000000     -1.9971645    0.024154099     0.99927656   0.0017697421     0.99927656
      1.0000000     -1.9971649    0.024148666     0.99927666   0.0017688696     0.99927666
      1.0000000     -1.9971647    0.024148906     0.99927663   0.0017682761     0.99927663
      1.0000000     -1.9971651    0.024143003     0.99927674   0.0017672467     0.99927674
      1.0000000     -1.9971657    0.024137865     0.99927689   0.0017664181     0.99927689
      1.0000000     -1.9971647    0.024139589     0.99927664   0.0017660049     0.99927664
      1.0000000     -1.9971648    0.024135110     0.99927668   0.0017651353     0.99927668
      1.0000000     -1.9971650    0.024134902     0.99927670   0.0017649798     0.99927670
      1.0000000     -1.9971653    0.024129260     0.99927678   0.0017640145     0.99927678
      1.0000000     -1.9971646    0.024131694     0.99927660   0.0017637931     0.99927660
      1.0000000     -1.9971643    0.024131051     0.99927653   0.0017632756     0.99927653
      1.0000000     -1.9971643    0.024127456     0.99927652   0.0017625168     0.99927652
      1.0000000     -1.9971650    0.024118216     0.99927672   0.0017612650     0.99927672
      1.0000000     -1.9971650    0.024114829     0.99927671   0.0017605757     0.99927671
      1.0000000     -1.9971648    0.024115938     0.99927668   0.0017601183     0.99927668
      1.0000000     -1.9971646    0.024113313     0.99927663   0.0017594605     0.99927663
      1.0000000     -1.9971652    0.024106150     0.99927680   0.0017583883     0.99927680
      1.0000000     -1.9971653    0.024103472     0.99927679   0.0017578796     0.99927679
      1.0000000     -1.9971649    0.024101361     0.99927671   0.0017571907     0.99927671
      1.0000000     -1.9971655    0.024093494     0.99927684   0.0017562672     0.99927684
      1.0000000     -1.9971655    0.024090518     0.99927685   0.0017555896     0.99927685
      1.0000000     -1.9971659    0.024087162     0.99927694   0.0017549695     0.99927694
      1.0000000     -1.9971661    0.024083589     0.99927701   0.0017541889     0.99927701
      1.0000000     -1.9971660    0.024080297     0.99927699   0.0017534122     0.99927699
      1.0000000     -1.9971664    0.024074168     0.99927711   0.0017524694     0.99927711
      1.0000000     -1.9971662    0.024070015     0.99927707   0.0017516520     0.99927707
      1.0000000     -1.9971658    0.024073288     0.99927696   0.0017514807     0.99927696
      1.0000000     -1.9971665    0.024063083     0.99927715   0.0017502382     0.99927715
      1.0000000     -1.9971651    0.024072134     0.99927679   0.0017505033     0.99927679
      1.0000000     -1.9971647    0.024072780     0.99927669   0.0017500757     0.99927669
      1.0000000     -1.9971652    0.024064850     0.99927682   0.0017491029     0.99927682
      1.0000000     -1.9971647    0.024066659     0.99927669   0.0017488616     0.99927669
      1.0000000     -1.9971650    0.024060232     0.99927677   0.0017479662     0.99927677
      1.0000000     -1.9971658    0.024050322     0.99927698   0.0017467269     0.99927698
      1.0000000     -1.9971660    0.024047414     0.99927705   0.0017461111     0.99927705
      1.0000000     -1.9971661    0.024043557     0.99927707   0.0017453702     0.99927707
      1.0000000     -1.9971666    0.024037562     0.99927719   0.0017445384     0.99927719
      1.0000000     -1.9971670    0.024032438     0.99927731   0.0017437303     0.99927731
      1.0000000     -1.9971669    0.024027996     0.99927729   0.0017429665     0.99927729
      1.0000000     -1.9971676    0.024017985     0.99927747   0.0017418451     0.99927747
      1.0000000     -1.9971669    0.024021015     0.99927730   0.0017416722     0.99927730
      1.0000000     -1.9971668    0.024021044     0.99927725   0.0017413336     0.99927725
      1.0000000     -1.9971668    0.024018993     0.99927723   0.0017409242     0.99927723
      1.0000000     -1.9971666    0.024018833     0.99927719   0.0017405750     0.99927719
      1.0000000     -1.9971666    0.024015733     0.99927719   0.0017398795     0.99927719
      1.0000000     -1.9971654    0.024026104     0.99927689   0.0017402228     0.99927689
      1.0000000     -1.9971658    0.024019948     0.99927700   0.0017394096     0.99927700
      1.0000000     -1.9971650    0.024023465     0.99927678   0.0017392845     0.99927678
      1.0000000     -1.9971647    0.024024199     0.99927671   0.0017389800     0.99927671
      1.0000000     -1.9971652    0.024016378     0.99927684   0.0017380991     0.99927684
      1.0000000     -1.9971650    0.024015615     0.99927677   0.0017376622     0.99927677
      1.0000000     -1.9971642    0.024020235     0.99927659   0.0017375753     0.99927659
      1.0000000     -1.9971643    0.024016710     0.99927659   0.0017369678     0.99927659
      1.0000000     -1.9971638    0.024017304     0.99927647   0.0017366993     0.99927647
      1.0000000     -1.9971643    0.024009976     0.99927660   0.0017358177     0.99927660
      1.0000000     -1.9971640    0.024009912     0.99927653   0.0017354056     0.99927653
      1.0000000     -1.9971637    0.024012323     0.99927645   0.0017351517     0.99927645
      1.0000000     -1.9971641    0.024005568     0.99927655   0.0017343160     0.99927655
      1.0000000     -1.9971633    0.024009123     0.99927636   0.0017340598     0.99927636
      1.0000000     -1.9971630    0.024009579     0.99927628   0.0017339329     0.99927628
      1.0000000     -1.9971626    0.024012979     0.99927616   0.0017339956     0.99927616
      1.0000000     -1.9971623    0.024017337     0.99927606   0.0017339878     0.99927606
      1.0000000     -1.9971620    0.024016840     0.99927600   0.0017335337     0.99927600
      1.0000000     -1.9971622    0.024013128     0.99927606   0.0017328092     0.99927606
      1.0000000     -1.9971622    0.024009800     0.99927607   0.0017322006     0.99927607
      1.0000000     -1.9971616    0.024013104     0.99927591   0.0017320818     0.99927591
      1.0000000     -1.9971609    0.024016598     0.99927572   0.0017320577     0.99927572
      1.0000000     -1.9971605    0.024016315     0.99927562   0.0017317363     0.99927562
      1.0000000     -1.9971606    0.024011844     0.99927564   0.0017310708     0.99927564
      1.0000000     -1.9971601    0.024012721     0.99927553   0.0017307307     0.99927553
      1.0000000     -1.9971597    0.024012196     0.99927544   0.0017303885     0.99927544
      1.0000000     -1.9971597    0.024011184     0.99927541   0.0017300558     0.99927541
      1.0000000     -1.9971595    0.024012557     0.99927535   0.0017298567     0.99927535
      1.0000000     -1.9971597    0.024012447     0.99927540   0.0017295774     0.99927540
      1.0000000     -1.9971592    0.024015406     0.99927526   0.0017295321     0.99927526
      1.0000000     -1.9971594    0.024011358     0.99927531   0.0017289911     0.99927531
      1.0000000     -1.9971594    0.024009303     0.99927531   0.0017285207     0.99927531
      1.0000000     -1.9971591    0.024011466     0.99927524   0.0017283241     0.99927524
      1.0000000     -1.9971593    0.024009851     0.99927529   0.0017278227     0.99927529
      1.0000000     -1.9971598    0.024004094     0.99927541   0.0017271196     0.99927541
      1.0000000     -1.9971601    0.023998480     0.99927552   0.0017264270     0.99927552
      1.0000000     -1.9971601    0.024001476     0.99927550   0.0017262842     0.99927550
      1.0000000     -1.9971598    0.023999997     0.99927544   0.0017257819     0.99927544
      1.0000000     -1.9971599    0.023998057     0.99927546   0.0017253228     0.99927546
      1.0000000     -1.9971591    0.024001427     0.99927528   0.0017252140     0.99927528
      1.0000000     -1.9971593    0.024003573     0.99927530   0.0017252461     0.99927530
      1.0000000     -1.9971592    0.024003201     0.99927527   0.0017250090     0.99927527
      1.0000000     -1.9971591    0.024001989     0.99927526   0.0017245307     0.99927526
      1.0000000     -1.9971595    0.023997964     0.99927535   0.0017239851     0.99927535
      1.0000000     -1.9971595    0.023997744     0.99927536   0.0017237571     0.99927536
      1.0000000     -1.9971595    0.023996205     0.99927536   0.0017232367     0.99927536
      1.0000000     -1.9971590    0.023998550     0.99927524   0.0017231021     0.99927524
      1.0000000     -1.9971589    0.024000072     0.99927521   0.0017228665     0.99927521
      1.0000000     -1.9971583    0.024002226     0.99927505   0.0017227094     0.99927505
      1.0000000     -1.9971581    0.024002189     0.99927500   0.0017224199     0.99927500
      1.0000000     -1.9971584    0.023998047     0.99927510   0.0017217927     0.99927510
      1.0000000     -1.9971584    0.023996286     0.99927508   0.0017214865     0.99927508
      1.0000000     -1.9971582    0.023996606     0.99927503   0.0017212553     0.99927503
      1.0000000     -1.9971589    0.023988028     0.99927520   0.0017203843     0.99927520
      1.0000000     -1.9971596    0.023980984     0.99927538   0.0017196370     0.99927538
      1.0000000     -1.9971592    0.023983049     0.99927528   0.0017194687     0.99927528
      1.0000000     -1.9971590    0.023983913     0.99927521   0.0017192994     0.99927521
      1.0000000     -1.9971590    0.023983420     0.99927522   0.0017190264     0.99927522
      1.0000000     -1.9971589    0.023981204     0.99927521   0.0017185199     0.99927521
      1.0000000     -1.9971587    0.023982122     0.99927514   0.0017183760     0.99927514
      1.0000000     -1.9971587    0.023980856     0.99927514   0.0017180542     0.99927514
      1.0000000     -1.9971585    0.023982442     0.99927508   0.0017178651     0.99927508
      1.0000000     -1.9971583    0.023982408     0.99927503   0.0017175735     0.99927503
      1.0000000     -1.9971584    0.023980685     0.99927505   0.0017172454     0.99927505
      1.0000000     -1.9971584    0.023978147     0.99927505   0.0017168134     0.99927505
      1.0000000     -1.9971590    0.023970096     0.99927520   0.0017159398     0.99927520
      1.0000000     -1.9971591    0.023967817     0.99927523   0.0017155353     0.99927523
      1.0000000     -1.9971594    0.023963450     0.99927532   0.0017148615     0.99927532
      1.0000000     -1.9971597    0.023958747     0.99927541   0.0017143161     0.99927541
      1.0000000     -1.9971595    0.023958521     0.99927534   0.0017140545     0.99927534
      1.0000000     -1.9971587    0.023963825     0.99927514   0.0017142446     0.99927514
      1.0000000     -1.9971583    0.023963668     0.99927504   0.0017139648     0.99927504
      1.0000000     -1.9971586    0.023958008     0.99927513   0.0017132512     0.99927513
      1.0000000     -1.9971587    0.023957316     0.99927515   0.0017129063     0.99927515
      1.0000000     -1.9971583    0.023958089     0.99927505   0.0017127038     0.99927505
      1.0000000     -1.9971582    0.023957564     0.99927504   0.0017123506     0.99927504
      1.0000000     -1.9971584    0.023955938     0.99927507   0.0017119520     0.99927507
      1.0000000     -1.9971584    0.023954892     0.99927508   0.0017116097     0.99927508
      1.0000000     -1.9971581    0.023956856     0.99927501   0.0017114462     0.99927501
      1.0000000     -1.9971587    0.023949813     0.99927515   0.0017107857     0.99927515
      1.0000000     -1.9971588    0.023948309     0.99927517   0.0017104896     0.99927517
      1.0000000     -1.9971594    0.023942565     0.99927535   0.0017097619     0.99927535
      1.0000000     -1.9971594    0.023940580     0.99927534   0.0017094495     0.99927534
      1.0000000     -1.9971588    0.023944792     0.99927519   0.0017094131     0.99927519
      1.0000000     -1.9971589    0.023943660     0.99927521   0.0017090660     0.99927521
      1.0000000     -1.9971591    0.023938263     0.99927528   0.0017083917     0.99927528
      1.0000000     -1.9971591    0.023936666     0.99927528   0.0017079764     0.99927528
      1.0000000     -1.9971594    0.023933405     0.99927534   0.0017077052     0.99927534
      1.0000000     -1.9971592    0.023932659     0.99927529   0.0017073645     0.99927529
      1.0000000     -1.9971584    0.023937968     0.99927509   0.0017074480     0.99927509
      1.0000000     -1.9971577    0.023945032     0.99927491   0.0017077079     0.99927491
      1.0000000     -1.9971573    0.023947064     0.99927480   0.0017076396     0.99927480
      1.0000000     -1.9971570    0.023949925     0.99927471   0.0017076507     0.99927471
      1.0000000     -1.9971566    0.023955187     0.99927461   0.0017078356     0.99927461
      1.0000000     -1.9971565    0.023953990     0.99927459   0.0017074317     0.99927459
      1.0000000     -1.9971563    0.023954103     0.99927454   0.0017071993     0.99927454
      1.0000000     -1.9971567    0.023947059     0.99927466   0.0017064258     0.99927466
      1.0000000     -1.9971568    0.023944231     0.99927469   0.0017060011     0.99927469
      1.0000000     -1.9971566    0.023946026     0.99927463   0.0017059023     0.99927463
      1.0000000     -1.9971559    0.023949615     0.99927445   0.0017058944     0.99927445
      1.0000000     -1.9971562    0.023944205     0.99927452   0.0017053076     0.99927452
      1.0000000     -1.9971559    0.023944265     0.99927446   0.0017051129     0.99927446
      1.0000000     -1.9971558    0.023944122     0.99927442   0.0017048636     0.99927442
      1.0000000     -1.9971553    0.023943852     0.99927431   0.0017046029     0.99927431
      1.0000000     -1.9971559    0.023936131     0.99927447   0.0017037777     0.99927447
      1.0000000     -1.9971566    0.023929784     0.99927465   0.0017030562     0.99927465
      1.0000000     -1.9971568    0.023927833     0.99927468   0.0017027269     0.99927468
      1.0000000     -1.9971571    0.023924637     0.99927477   0.0017022257     0.99927477
      1.0000000     -1.9971568    0.023925066     0.99927469   0.0017020030     0.99927469
      1.0000000     -1.9971564    0.023926225     0.99927460   0.0017018252     0.99927460
      1.0000000     -1.9971567    0.023922858     0.99927469   0.0017013697     0.99927469
      1.0000000     -1.9971565    0.023923592     0.99927463   0.0017011651     0.99927463
      1.0000000     -1.9971564    0.023922394     0.99927461   0.0017008182     0.99927461
      1.0000000     -1.9971570    0.023916884     0.99927477   0.0017003287     0.99927477
      1.0000000     -1.9971570    0.023916479     0.99927475   0.0017000916     0.99927475
      1.0000000     -1.9971565    0.023918459     0.99927464   0.0016999251     0.99927464
      1.0000000     -1.9971566    0.023917443     0.99927466   0.0016996461     0.99927466
      1.0000000     -1.9971565    0.023915750     0.99927463   0.0016993143     0.99927463
      1.0000000     -1.9971562    0.023917436     0.99927454   0.0016992801     0.99927454
      1.0000000     -1.9971556    0.023920420     0.99927440   0.0016992363     0.99927440
      1.0000000     -1.9971558    0.023919396     0.99927445   0.0016989434     0.99927445
      1.0000000     -1.9971557    0.023918864     0.99927444   0.0016987082     0.99927444
      1.0000000     -1.9971561    0.023913694     0.99927452   0.0016981050     0.99927452
      1.0000000     -1.9971563    0.023910333     0.99927458   0.0016976828     0.99927458
      1.0000000     -1.9971558    0.023913768     0.99927446   0.0016978162     0.99927446
      1.0000000     -1.9971559    0.023913355     0.99927447   0.0016975835     0.99927447
      1.0000000     -1.9971554    0.023916482     0.99927435   0.0016975836     0.99927435
      1.0000000     -1.9971554    0.023916638     0.99927434   0.0016973590     0.99927434
      1.0000000     -1.9971551    0.023916619     0.99927428   0.0016971309     0.99927428
      1.0000000     -1.9971551    0.023915622     0.99927430   0.0016967300     0.99927430
      1.0000000     -1.9971549    0.023917202     0.99927425   0.0016965593     0.99927425
      1.0000000     -1.9971549    0.023918728     0.99927425   0.0016964192     0.99927425
      1.0000000     -1.9971548    0.023919847     0.99927423   0.0016963907     0.99927423
      1.0000000     -1.9971552    0.023916033     0.99927433   0.0016958967     0.99927433
      1.0000000     -1.9971554    0.023913607     0.99927438   0.0016955048     0.99927438
      1.0000000     -1.9971555    0.023912305     0.99927441   0.0016951878     0.99927441
      1.0000000     -1.9971556    0.023911033     0.99927444   0.0016949481     0.99927444
      1.0000000     -1.9971556    0.023909772     0.99927443   0.0016946601     0.99927443
      1.0000000     -1.9971550    0.023913312     0.99927428   0.0016947574     0.99927428
      1.0000000     -1.9971551    0.023912651     0.99927430   0.0016945848     0.99927430
      1.0000000     -1.9971552    0.023911931     0.99927433   0.0016943754     0.99927433
      1.0000000     -1.9971552    0.023909909     0.99927432   0.0016940088     0.99927432
      1.0000000     -1.9971552    0.023908963     0.99927432   0.0016937673     0.99927432
      1.0000000     -1.9971554    0.023906706     0.99927436   0.0016934243     0.99927436
      1.0000000     -1.9971556    0.023903846     0.99927441   0.0016930006     0.99927441
      1.0000000     -1.9971556    0.023899894     0.99927442   0.0016925324     0.99927442
      1.0000000     -1.9971552    0.023900910     0.99927434   0.0016923756     0.99927434
      1.0000000     -1.9971561    0.023892364     0.99927456   0.0016915824     0.99927456
      1.0000000     -1.9971561    0.023890809     0.99927456   0.0016912288     0.99927456
      1.0000000     -1.9971561    0.023889303     0.99927456   0.0016909265     0.99927456
      1.0000000     -1.9971561    0.023886945     0.99927458   0.0016905323     0.99927458
      1.0000000     -1.9971551    0.023895203     0.99927430   0.0016909858     0.99927430
      1.0000000     -1.9971548    0.023897166     0.99927423   0.0016909152     0.99927423
      1.0000000     -1.9971544    0.023898666     0.99927414   0.0016907942     0.99927414
      1.0000000     -1.9971550    0.023892594     0.99927428   0.0016902986     0.99927428
      1.0000000     -1.9971550    0.023891425     0.99927430   0.0016899610     0.99927430
      1.0000000     -1.9971548    0.023893773     0.99927424   0.0016899608     0.99927424
      1.0000000     -1.9971544    0.023896039     0.99927413   0.0016900176     0.99927413
      1.0000000     -1.9971542    0.023896450     0.99927409   0.0016898492     0.99927409
      1.0000000     -1.9971543    0.023895060     0.99927410   0.0016895278     0.99927410
      1.0000000     -1.9971539    0.023896573     0.99927400   0.0016894226     0.99927400
      1.0000000     -1.9971540    0.023892648     0.99927407   0.0016888526     0.99927407
      1.0000000     -1.9971538    0.023894319     0.99927399   0.0016888211     0.99927399
      1.0000000     -1.9971537    0.023894980     0.99927396   0.0016887748     0.99927396
      1.0000000     -1.9971541    0.023890924     0.99927407   0.0016882932     0.99927407
      1.0000000     -1.9971542    0.023889383     0.99927410   0.0016879794     0.99927410
      1.0000000     -1.9971545    0.023885556     0.99927417   0.0016875296     0.99927417
      1.0000000     -1.9971538    0.023890794     0.99927399   0.0016877394     0.99927399
      1.0000000     -1.9971535    0.023891414     0.99927392   0.0016877007     0.99927392
      1.0000000     -1.9971537    0.023888249     0.99927397   0.0016873218     0.99927397
      1.0000000     -1.9971537    0.023887877     0.99927395   0.0016871393     0.99927395
      1.0000000     -1.9971534    0.023890135     0.99927387   0.0016871585     0.99927387
      1.0000000     -1.9971534    0.023887359     0.99927389   0.0016867696     0.99927389
      1.0000000     -1.9971535    0.023885512     0.99927390   0.0016865132     0.99927390
      1.0000000     -1.9971532    0.023886654     0.99927384   0.0016864106     0.99927384
      1.0000000     -1.9971536    0.023880466     0.99927395   0.0016858207     0.99927395
      1.0000000     -1.9971534    0.023880231     0.99927388   0.0016856741     0.99927388
      1.0000000     -1.9971534    0.023877944     0.99927389   0.0016853349     0.99927389
      1.0000000     -1.9971531    0.023878949     0.99927381   0.0016852179     0.99927381
      1.0000000     -1.9971531    0.023877499     0.99927382   0.0016849038     0.99927382
      1.0000000     -1.9971528    0.023878459     0.99927373   0.0016847922     0.99927373
      1.0000000     -1.9971526    0.023878593     0.99927369   0.0016846212     0.99927369
      1.0000000     -1.9971526    0.023876633     0.99927369   0.0016843277     0.99927369
      1.0000000     -1.9971523    0.023877862     0.99927363   0.0016842249     0.99927363
      1.0000000     -1.9971519    0.023880095     0.99927351   0.0016842749     0.99927351
      1.0000000     -1.9971517    0.023879170     0.99927345   0.0016840482     0.99927345
      1.0000000     -1.9971519    0.023875204     0.99927352   0.0016836056     0.99927352
      1.0000000     -1.9971519    0.023874849     0.99927350   0.0016834844     0.99927350
      1.0000000     -1.9971519    0.023873600     0.99927350   0.0016833784     0.99927350
      1.0000000     -1.9971518    0.023872925     0.99927346   0.0016831823     0.99927346
      1.0000000     -1.9971515    0.023874598     0.99927340   0.0016831430     0.99927340
      1.0000000     -1.9971513    0.023873873     0.99927335   0.0016828740     0.99927335
      1.0000000     -1.9971509    0.023878378     0.99927323   0.0016830771     0.99927323
      1.0000000     -1.9971513    0.023874631     0.99927333   0.0016826902     0.99927333
      1.0000000     -1.9971513    0.023875130     0.99927333   0.0016826121     0.99927333
      1.0000000     -1.9971509    0.023879091     0.99927323   0.0016826826     0.99927323
      1.0000000     -1.9971506    0.023879845     0.99927315   0.0016825731     0.99927315
      1.0000000     -1.9971505    0.023879406     0.99927314   0.0016823978     0.99927314
      1.0000000     -1.9971511    0.023873705     0.99927329   0.0016818633     0.99927329
      1.0000000     -1.9971513    0.023871746     0.99927333   0.0016815938     0.99927333
      1.0000000     -1.9971515    0.023870162     0.99927338   0.0016814018     0.99927338
      1.0000000     -1.9971514    0.023869985     0.99927335   0.0016812264     0.99927335
      1.0000000     -1.9971518    0.023866380     0.99927346   0.0016808639     0.99927346
      1.0000000     -1.9971514    0.023868813     0.99927335   0.0016809000     0.99927335
      1.0000000     -1.9971515    0.023867779     0.99927335   0.0016808190     0.99927335
      1.0000000     -1.9971518    0.023864788     0.99927343   0.0016805795     0.99927343
      1.0000000     -1.9971519    0.023862697     0.99927347   0.0016802372     0.99927347
      1.0000000     -1.9971520    0.023863149     0.99927348   0.0016801909     0.99927348
      1.0000000     -1.9971519    0.023863062     0.99927345   0.0016801023     0.99927345
      1.0000000     -1.9971516    0.023864831     0.99927336   0.0016801609     0.99927336
      1.0000000     -1.9971513    0.023867529     0.99927327   0.0016802676     0.99927327
      1.0000000     -1.9971509    0.023869845     0.99927317   0.0016802860     0.99927317
      1.0000000     -1.9971509    0.023869031     0.99927319   0.0016800735     0.99927319
      1.0000000     -1.9971512    0.023866371     0.99927326   0.0016797142     0.99927326
      1.0000000     -1.9971517    0.023861448     0.99927340   0.0016791977     0.99927340
      1.0000000     -1.9971517    0.023859118     0.99927339   0.0016789027     0.99927339
      1.0000000     -1.9971513    0.023862012     0.99927329   0.0016790114     0.99927329
      1.0000000     -1.9971509    0.023865174     0.99927317   0.0016791035     0.99927317
      1.0000000     -1.9971513    0.023860574     0.99927330   0.0016786259     0.99927330
      1.0000000     -1.9971512    0.023859988     0.99927327   0.0016784631     0.99927327
      1.0000000     -1.9971511    0.023860203     0.99927323   0.0016784255     0.99927323
      1.0000000     -1.9971511    0.023859767     0.99927323   0.0016781888     0.99927323
      1.0000000     -1.9971512    0.023858371     0.99927327   0.0016779786     0.99927327
      1.0000000     -1.9971513    0.023856222     0.99927329   0.0016776993     0.99927329
      1.0000000     -1.9971514    0.023853579     0.99927331   0.0016773635     0.99927331
      1.0000000     -1.9971513    0.023853414     0.99927327   0.0016772518     0.99927327
      1.0000000     -1.9971509    0.023855771     0.99927319   0.0016772134     0.99927319
      1.0000000     -1.9971512    0.023854451     0.99927326   0.0016769706     0.99927326
      1.0000000     -1.9971510    0.023853210     0.99927321   0.0016767071     0.99927321
      1.0000000     -1.9971509    0.023854013     0.99927319   0.0016767127     0.99927319
      1.0000000     -1.9971506    0.023855965     0.99927311   0.0016767422     0.99927311
      1.0000000     -1.9971501    0.023860661     0.99927296   0.0016769498     0.99927296
      1.0000000     -1.9971502    0.023858999     0.99927300   0.0016766996     0.99927300
      1.0000000     -1.9971504    0.023857002     0.99927304   0.0016764543     0.99927304
      1.0000000     -1.9971503    0.023857503     0.99927303   0.0016763590     0.99927303
      1.0000000     -1.9971503    0.023857257     0.99927302   0.0016762617     0.99927302
      1.0000000     -1.9971505    0.023854141     0.99927309   0.0016758238     0.99927309
      1.0000000     -1.9971513    0.023847033     0.99927330   0.0016751732     0.99927330
      1.0000000     -1.9971514    0.023844177     0.99927332   0.0016747918     0.99927332
      1.0000000     -1.9971517    0.023841693     0.99927340   0.0016745348     0.99927340
      1.0000000     -1.9971521    0.023837749     0.99927350   0.0016741299     0.99927350
      1.0000000     -1.9971524    0.023834007     0.99927357   0.0016737064     0.99927357
      1.0000000     -1.9971522    0.023836026     0.99927352   0.0016737765     0.99927352
      1.0000000     -1.9971522    0.023834392     0.99927352   0.0016735732     0.99927352
      1.0000000     -1.9971527    0.023830567     0.99927364   0.0016731484     0.99927364
      1.0000000     -1.9971526    0.023830639     0.99927361   0.0016730365     0.99927361
      1.0000000     -1.9971525    0.023831981     0.99927359   0.0016730156     0.99927359
      1.0000000     -1.9971523    0.023832983     0.99927354   0.0016730218     0.99927354
      1.0000000     -1.9971527    0.023829147     0.99927364   0.0016726160     0.99927364
      1.0000000     -1.9971529    0.023826184     0.99927369   0.0016722718     0.99927369
      1.0000000     -1.9971528    0.023827796     0.99927367   0.0016722240     0.99927367
      1.0000000     -1.9971529    0.023825705     0.99927371   0.0016719672     0.99927371
      1.0000000     -1.9971533    0.023823131     0.99927378   0.0016717061     0.99927378
      1.0000000     -1.9971531    0.023822549     0.99927375   0.0016715392     0.99927375
      1.0000000     -1.9971534    0.023819129     0.99927381   0.0016711583     0.99927381
      1.0000000     -1.9971530    0.023821861     0.99927371   0.0016712419     0.99927371
      1.0000000     -1.9971531    0.023820369     0.99927375   0.0016710954     0.99927375
      1.0000000     -1.9971535    0.023817429     0.99927384   0.0016707449     0.99927384
      1.0000000     -1.9971535    0.023816707     0.99927386   0.0016704939     0.99927386
      1.0000000     -1.9971535    0.023817665     0.99927385   0.0016704410     0.99927385
      1.0000000     -1.9971534    0.023817510     0.99927381   0.0016704374     0.99927381
      1.0000000     -1.9971535    0.023816464     0.99927384   0.0016702861     0.99927384
      1.0000000     -1.9971538    0.023812596     0.99927393   0.0016698273     0.99927393
      1.0000000     -1.9971541    0.023810310     0.99927399   0.0016695303     0.99927399
      1.0000000     -1.9971546    0.023805922     0.99927412   0.0016691385     0.99927412
      1.0000000     -1.9971545    0.023805201     0.99927410   0.0016689426     0.99927410
      1.0000000     -1.9971548    0.023801068     0.99927418   0.0016685028     0.99927418
      1.0000000     -1.9971550    0.023798015     0.99927422   0.0016681833     0.99927422
      1.0000000     -1.9971549    0.023796828     0.99927421   0.0016679800     0.99927421
      1.0000000     -1.9971548    0.023798239     0.99927416   0.0016680212     0.99927416
      1.0000000     -1.9971548    0.023797021     0.99927417   0.0016677787     0.99927417
      1.0000000     -1.9971545    0.023797928     0.99927411   0.0016677067     0.99927411
      1.0000000     -1.9971550    0.023794192     0.99927424   0.0016672602     0.99927424
      1.0000000     -1.9971551    0.023793049     0.99927427   0.0016671000     0.99927427
      1.0000000     -1.9971552    0.023791700     0.99927430   0.0016668357     0.99927430
      1.0000000     -1.9971552    0.023790500     0.99927428   0.0016666685     0.99927428
      1.0000000     -1.9971550    0.023789996     0.99927425   0.0016665887     0.99927425
      1.0000000     -1.9971551    0.023790425     0.99927428   0.0016665422     0.99927428
      1.0000000     -1.9971549    0.023790350     0.99927422   0.0016663877     0.99927422
      1.0000000     -1.9971550    0.023789708     0.99927423   0.0016662835     0.99927423
      1.0000000     -1.9971546    0.023791896     0.99927414   0.0016662649     0.99927414
      1.0000000     -1.9971545    0.023791231     0.99927412   0.0016660965     0.99927412
      1.0000000     -1.9971544    0.023790364     0.99927410   0.0016659049     0.99927410
      1.0000000     -1.9971545    0.023789786     0.99927412   0.0016656950     0.99927412
      1.0000000     -1.9971545    0.023786932     0.99927414   0.0016653685     0.99927414
      1.0000000     -1.9971545    0.023786521     0.99927413   0.0016652158     0.99927413
      1.0000000     -1.9971546    0.023784646     0.99927416   0.0016650347     0.99927416
      1.0000000     -1.9971548    0.023782331     0.99927419   0.0016647817     0.99927419
      1.0000000     -1.9971548    0.023781490     0.99927421   0.0016646031     0.99927421
      1.0000000     -1.9971547    0.023782885     0.99927418   0.0016646834     0.99927418
      1.0000000     -1.9971550    0.023779850     0.99927424   0.0016643935     0.99927424
      1.0000000     -1.9971550    0.023778135     0.99927424   0.0016641921     0.99927424
      1.0000000     -1.9971550    0.023777507     0.99927425   0.0016639783     0.99927425
      1.0000000     -1.9971548    0.023777928     0.99927419   0.0016639117     0.99927419
      1.0000000     -1.9971546    0.023777542     0.99927415   0.0016637416     0.99927415
      1.0000000     -1.9971544    0.023777666     0.99927410   0.0016635926     0.99927410
      1.0000000     -1.9971544    0.023775676     0.99927411   0.0016633153     0.99927411
      1.0000000     -1.9971543    0.023775885     0.99927409   0.0016632596     0.99927409
      1.0000000     -1.9971546    0.023772792     0.99927415   0.0016629013     0.99927415
      1.0000000     -1.9971548    0.023770340     0.99927422   0.0016625666     0.99927422
      1.0000000     -1.9971547    0.023770443     0.99927420   0.0016623985     0.99927420
      1.0000000     -1.9971548    0.023768987     0.99927423   0.0016622035     0.99927423
      1.0000000     -1.9971546    0.023768881     0.99927418   0.0016621511     0.99927418
      1.0000000     -1.9971546    0.023768053     0.99927417   0.0016619758     0.99927417
      1.0000000     -1.9971547    0.023766753     0.99927421   0.0016617307     0.99927421
      1.0000000     -1.9971547    0.023765680     0.99927421   0.0016615497     0.99927421
      1.0000000     -1.9971544    0.023768268     0.99927414   0.0016616116     0.99927414
      1.0000000     -1.9971548    0.023766015     0.99927423   0.0016613243     0.99927423
      1.0000000     -1.9971551    0.023761846     0.99927432   0.0016609277     0.99927432
      1.0000000     -1.9971552    0.023759558     0.99927435   0.0016606135     0.99927435
      1.0000000     -1.9971550    0.023761264     0.99927429   0.0016606411     0.99927429
      1.0000000     -1.9971551    0.023758250     0.99927433   0.0016603006     0.99927433
      1.0000000     -1.9971550    0.023759391     0.99927428   0.0016603185     0.99927428
      1.0000000     -1.9971549    0.023760679     0.99927426   0.0016602986     0.99927426
      1.0000000     -1.9971553    0.023756513     0.99927437   0.0016598536     0.99927437
      1.0000000     -1.9971554    0.023754071     0.99927441   0.0016595856     0.99927441
      1.0000000     -1.9971555    0.023753167     0.99927443   0.0016594368     0.99927443
      1.0000000     -1.9971558    0.023749493     0.99927452   0.0016590613     0.99927452
      1.0000000     -1.9971559    0.023749492     0.99927454   0.0016589499     0.99927454
      1.0000000     -1.9971558    0.023748136     0.99927452   0.0016587567     0.99927452
      1.0000000     -1.9971560    0.023746552     0.99927456   0.0016585444     0.99927456
      1.0000000     -1.9971561    0.023744467     0.99927458   0.0016583256     0.99927458
      1.0000000     -1.9971558    0.023746807     0.99927451   0.0016584731     0.99927451
      1.0000000     -1.9971559    0.023745296     0.99927453   0.0016582241     0.99927453
      1.0000000     -1.9971556    0.023748221     0.99927445   0.0016583433     0.99927445
      1.0000000     -1.9971555    0.023748412     0.99927443   0.0016582817     0.99927443
      1.0000000     -1.9971559    0.023745242     0.99927452   0.0016579641     0.99927452
      1.0000000     -1.9971560    0.023742973     0.99927455   0.0016577083     0.99927455
      1.0000000     -1.9971560    0.023743253     0.99927456   0.0016576038     0.99927456
      1.0000000     -1.9971560    0.023742992     0.99927456   0.0016574898     0.99927456
      1.0000000     -1.9971564    0.023739199     0.99927467   0.0016571270     0.99927467
      1.0000000     -1.9971567    0.023736438     0.99927474   0.0016568702     0.99927474
      1.0000000     -1.9971567    0.023736041     0.99927473   0.0016567533     0.99927473
      1.0000000     -1.9971564    0.023737171     0.99927465   0.0016567207     0.99927465
      1.0000000     -1.9971563    0.023737728     0.99927463   0.0016566973     0.99927463
      1.0000000     -1.9971562    0.023738186     0.99927460   0.0016565940     0.99927460
      1.0000000     -1.9971562    0.023737121     0.99927460   0.0016564193     0.99927460
      1.0000000     -1.9971560    0.023738811     0.99927455   0.0016564801     0.99927455
      1.0000000     -1.9971560    0.023739286     0.99927455   0.0016563948     0.99927455
      1.0000000     -1.9971558    0.023740639     0.99927452   0.0016563426     0.99927452
      1.0000000     -1.9971557    0.023742357     0.99927448   0.0016563639     0.99927448
      1.0000000     -1.9971560    0.023739754     0.99927455   0.0016561123     0.99927455
      1.0000000     -1.9971558    0.023739910     0.99927451   0.0016560268     0.99927451
      1.0000000     -1.9971557    0.023741558     0.99927446   0.0016561388     0.99927446
      1.0000000     -1.9971556    0.023740842     0.99927445   0.0016560236     0.99927445
      1.0000000     -1.9971557    0.023739658     0.99927446   0.0016558623     0.99927446
      1.0000000     -1.9971558    0.023738315     0.99927449   0.0016556408     0.99927449
      1.0000000     -1.9971560    0.023736459     0.99927453   0.0016554287     0.99927453
      1.0000000     -1.9971562    0.023735147     0.99927458   0.0016552744     0.99927458
      1.0000000     -1.9971560    0.023734868     0.99927455   0.0016551437     0.99927455
      1.0000000     -1.9971561    0.023733234     0.99927457   0.0016549508     0.99927457
      1.0000000     -1.9971561    0.023732882     0.99927457   0.0016548862     0.99927457
      1.0000000     -1.9971558    0.023734787     0.99927448   0.0016549599     0.99927448
      1.0000000     -1.9971559    0.023733935     0.99927451   0.0016548021     0.99927451
      1.0000000     -1.9971555    0.023737263     0.99927440   0.0016550413     0.99927440
      1.0000000     -1.9971556    0.023734973     0.99927442   0.0016548410     0.99927442
      1.0000000     -1.9971555    0.023735555     0.99927440   0.0016547640     0.99927440
      1.0000000     -1.9971558    0.023733363     0.99927447   0.0016544891     0.99927447
      1.0000000     -1.9971557    0.023734055     0.99927443   0.0016544502     0.99927443
      1.0000000     -1.9971555    0.023733502     0.99927439   0.0016543618     0.99927439
      1.0000000     -1.9971555    0.023734109     0.99927438   0.0016543680     0.99927438
      1.0000000     -1.9971556    0.023732319     0.99927441   0.0016541438     0.99927441
      1.0000000     -1.9971557    0.023728677     0.99927446   0.0016537549     0.99927446
      1.0000000     -1.9971554    0.023731626     0.99927436   0.0016538718     0.99927436
      1.0000000     -1.9971551    0.023733605     0.99927428   0.0016539339     0.99927428
      1.0000000     -1.9971548    0.023735427     0.99927422   0.0016539574     0.99927422
      1.0000000     -1.9971549    0.023734285     0.99927423   0.0016537709     0.99927423
      1.0000000     -1.9971550    0.023732023     0.99927428   0.0016535244     0.99927428
      1.0000000     -1.9971551    0.023731273     0.99927430   0.0016533518     0.99927430
      1.0000000     -1.9971553    0.023727946     0.99927436   0.0016530041     0.99927436
      1.0000000     -1.9971554    0.023726836     0.99927439   0.0016528521     0.99927439
      1.0000000     -1.9971554    0.023726726     0.99927438   0.0016527341     0.99927438
      1.0000000     -1.9971555    0.023726252     0.99927441   0.0016526045     0.99927441
      1.0000000     -1.9971555    0.023726551     0.99927440   0.0016525716     0.99927440
      1.0000000     -1.9971553    0.023728053     0.99927434   0.0016526470     0.99927434
      1.0000000     -1.9971552    0.023729781     0.99927431   0.0016527211     0.99927431
      1.0000000     -1.9971552    0.023729806     0.99927431   0.0016526486     0.99927431
      1.0000000     -1.9971556    0.023724656     0.99927442   0.0016521617     0.99927442
      1.0000000     -1.9971558    0.023721693     0.99927448   0.0016518502     0.99927448
      1.0000000     -1.9971555    0.023723584     0.99927440   0.0016519387     0.99927440
      1.0000000     -1.9971560    0.023719725     0.99927453   0.0016515846     0.99927453
      1.0000000     -1.9971563    0.023717349     0.99927459   0.0016513093     0.99927459
      1.0000000     -1.9971560    0.023719665     0.99927452   0.0016513503     0.99927452
      1.0000000     -1.9971562    0.023717814     0.99927456   0.0016512230     0.99927456
      1.0000000     -1.9971563    0.023716294     0.99927460   0.0016510123     0.99927460
      1.0000000     -1.9971564    0.023715747     0.99927463   0.0016508624     0.99927463
      1.0000000     -1.9971565    0.023714375     0.99927466   0.0016506281     0.99927466
      1.0000000     -1.9971567    0.023712661     0.99927471   0.0016504498     0.99927471
      1.0000000     -1.9971568    0.023711537     0.99927472   0.0016503167     0.99927472
      1.0000000     -1.9971571    0.023707068     0.99927480   0.0016498960     0.99927480
      1.0000000     -1.9971569    0.023708689     0.99927477   0.0016499874     0.99927477
      1.0000000     -1.9971570    0.023707757     0.99927479   0.0016498212     0.99927479
      1.0000000     -1.9971570    0.023707116     0.99927480   0.0016496751     0.99927480
      1.0000000     -1.9971572    0.023704355     0.99927483   0.0016494166     0.99927483
      1.0000000     -1.9971574    0.023703357     0.99927489   0.0016492410     0.99927489
      1.0000000     -1.9971572    0.023702439     0.99927486   0.0016490563     0.99927486
      1.0000000     -1.9971572    0.023701945     0.99927484   0.0016489439     0.99927484
      1.0000000     -1.9971575    0.023698589     0.99927491   0.0016486262     0.99927491
      1.0000000     -1.9971572    0.023699936     0.99927485   0.0016487100     0.99927485
      1.0000000     -1.9971571    0.023701145     0.99927481   0.0016487035     0.99927481
      1.0000000     -1.9971570    0.023703016     0.99927478   0.0016487900     0.99927478
      1.0000000     -1.9971570    0.023703176     0.99927478   0.0016487353     0.99927478
      1.0000000     -1.9971572    0.023700483     0.99927485   0.0016484444     0.99927485
      1.0000000     -1.9971573    0.023698803     0.99927485   0.0016482584     0.99927485
      1.0000000     -1.9971576    0.023696666     0.99927493   0.0016480930     0.99927493
      1.0000000     -1.9971577    0.023694781     0.99927497   0.0016478572     0.99927497
      1.0000000     -1.9971579    0.023692230     0.99927501   0.0016476046     0.99927501
      1.0000000     -1.9971575    0.023694524     0.99927490   0.0016476641     0.99927490
      1.0000000     -1.9971574    0.023694425     0.99927490   0.0016475531     0.99927490
      1.0000000     -1.9971576    0.023692045     0.99927494   0.0016472581     0.99927494
      1.0000000     -1.9971578    0.023689538     0.99927499   0.0016470124     0.99927499
      1.0000000     -1.9971579    0.023687603     0.99927503   0.0016467963     0.99927503
      1.0000000     -1.9971580    0.023687347     0.99927504   0.0016466643     0.99927504
      1.0000000     -1.9971577    0.023688640     0.99927497   0.0016467359     0.99927497
      1.0000000     -1.9971581    0.023684408     0.99927508   0.0016463945     0.99927508
      1.0000000     -1.9971581    0.023684031     0.99927509   0.0016462178     0.99927509
      1.0000000     -1.9971580    0.023685917     0.99927505   0.0016462995     0.99927505
      1.0000000     -1.9971576    0.023687478     0.99927496   0.0016462874     0.99927496
      1.0000000     -1.9971576    0.023686605     0.99927495   0.0016461767     0.99927495
      1.0000000     -1.9971579    0.023683672     0.99927503   0.0016458752     0.99927503
      1.0000000     -1.9971578    0.023683437     0.99927502   0.0016457467     0.99927502
      1.0000000     -1.9971578    0.023682188     0.99927502   0.0016455796     0.99927502
      1.0000000     -1.9971580    0.023679607     0.99927507   0.0016453374     0.99927507
      1.0000000     -1.9971580    0.023679966     0.99927506   0.0016452961     0.99927506
      1.0000000     -1.9971581    0.023678853     0.99927508   0.0016451742     0.99927508
      1.0000000     -1.9971582    0.023676943     0.99927511   0.0016449442     0.99927511
      1.0000000     -1.9971586    0.023673221     0.99927521   0.0016446077     0.99927521
      1.0000000     -1.9971588    0.023671072     0.99927527   0.0016444129     0.99927527
      1.0000000     -1.9971587    0.023671563     0.99927523   0.0016443863     0.99927523
      1.0000000     -1.9971586    0.023671551     0.99927521   0.0016442850     0.99927521
      1.0000000     -1.9971584    0.023672026     0.99927517   0.0016442553     0.99927517
      1.0000000     -1.9971584    0.023671908     0.99927516   0.0016441865     0.99927516
      1.0000000     -1.9971581    0.023673334     0.99927509   0.0016442169     0.99927509
      1.0000000     -1.9971584    0.023671890     0.99927514   0.0016441298     0.99927514
      1.0000000     -1.9971582    0.023672230     0.99927510   0.0016440376     0.99927510
      1.0000000     -1.9971581    0.023673797     0.99927507   0.0016440757     0.99927507
      1.0000000     -1.9971579    0.023675662     0.99927503   0.0016441162     0.99927503
      1.0000000     -1.9971579    0.023674704     0.99927503   0.0016439796     0.99927503
      1.0000000     -1.9971579    0.023674332     0.99927502   0.0016438388     0.99927502
      1.0000000     -1.9971579    0.023673754     0.99927503   0.0016438007     0.99927503
      1.0000000     -1.9971580    0.023672055     0.99927505   0.0016436206     0.99927505
      1.0000000     -1.9971580    0.023671906     0.99927506   0.0016435693     0.99927506
      1.0000000     -1.9971578    0.023672311     0.99927501   0.0016435700     0.99927501
      1.0000000     -1.9971578    0.023672920     0.99927498   0.0016435884     0.99927498
      1.0000000     -1.9971576    0.023674177     0.99927494   0.0016436326     0.99927494
      1.0000000     -1.9971576    0.023673421     0.99927493   0.0016435140     0.99927493
      1.0000000     -1.9971574    0.023674316     0.99927489   0.0016434962     0.99927489
      1.0000000     -1.9971571    0.023675794     0.99927482   0.0016434887     0.99927482
      1.0000000     -1.9971571    0.023675843     0.99927481   0.0016434508     0.99927481
      1.0000000     -1.9971573    0.023673150     0.99927486   0.0016432006     0.99927486
      1.0000000     -1.9971572    0.023672878     0.99927485   0.0016430870     0.99927485
      1.0000000     -1.9971575    0.023671552     0.99927490   0.0016429436     0.99927490
      1.0000000     -1.9971574    0.023671773     0.99927489   0.0016428564     0.99927489
      1.0000000     -1.9971576    0.023668173     0.99927496   0.0016424959     0.99927496
      1.0000000     -1.9971579    0.023664966     0.99927502   0.0016421477     0.99927502
      1.0000000     -1.9971579    0.023664258     0.99927503   0.0016420244     0.99927503
      1.0000000     -1.9971574    0.023666877     0.99927493   0.0016420967     0.99927493
      1.0000000     -1.9971571    0.023669068     0.99927484   0.0016421979     0.99927484
      1.0000000     -1.9971569    0.023671250     0.99927477   0.0016422724     0.99927477
      1.0000000     -1.9971566    0.023674519     0.99927470   0.0016424560     0.99927470
      1.0000000     -1.9971567    0.023673559     0.99927473   0.0016423061     0.99927473
      1.0000000     -1.9971569    0.023671019     0.99927478   0.0016420533     0.99927478
      1.0000000     -1.9971569    0.023670276     0.99927478   0.0016419092     0.99927478
      1.0000000     -1.9971569    0.023669651     0.99927478   0.0016418152     0.99927478
      1.0000000     -1.9971569    0.023668162     0.99927480   0.0016416178     0.99927480
      1.0000000     -1.9971569    0.023668463     0.99927479   0.0016415612     0.99927479
      1.0000000     -1.9971565    0.023671998     0.99927468   0.0016417615     0.99927468
      1.0000000     -1.9971567    0.023669357     0.99927474   0.0016415392     0.99927474
      1.0000000     -1.9971565    0.023671102     0.99927469   0.0016416087     0.99927469
      1.0000000     -1.9971565    0.023671662     0.99927468   0.0016415924     0.99927468
      1.0000000     -1.9971566    0.023670692     0.99927469   0.0016414793     0.99927469
      1.0000000     -1.9971565    0.023670953     0.99927468   0.0016414295     0.99927468
      1.0000000     -1.9971567    0.023668944     0.99927473   0.0016412232     0.99927473
      1.0000000     -1.9971568    0.023667560     0.99927475   0.0016410575     0.99927475
      1.0000000     -1.9971569    0.023667060     0.99927477   0.0016409443     0.99927477
      1.0000000     -1.9971568    0.023667451     0.99927476   0.0016408907     0.99927476
      1.0000000     -1.9971569    0.023666005     0.99927478   0.0016407246     0.99927478
      1.0000000     -1.9971566    0.023667890     0.99927471   0.0016407986     0.99927471
      1.0000000     -1.9971567    0.023667208     0.99927473   0.0016406299     0.99927473
      1.0000000     -1.9971570    0.023663909     0.99927481   0.0016403302     0.99927481
      1.0000000     -1.9971569    0.023664140     0.99927477   0.0016403019     0.99927477
      1.0000000     -1.9971569    0.023663066     0.99927479   0.0016401503     0.99927479
      1.0000000     -1.9971568    0.023663748     0.99927476   0.0016401390     0.99927476
      1.0000000     -1.9971566    0.023665920     0.99927471   0.0016402103     0.99927471
      1.0000000     -1.9971568    0.023663754     0.99927476   0.0016399691     0.99927476
      1.0000000     -1.9971569    0.023663833     0.99927477   0.0016399162     0.99927477
      1.0000000     -1.9971571    0.023662441     0.99927483   0.0016397462     0.99927483
      1.0000000     -1.9971571    0.023660615     0.99927485   0.0016395384     0.99927485
      1.0000000     -1.9971574    0.023657912     0.99927493   0.0016392423     0.99927493
      1.0000000     -1.9971576    0.023656184     0.99927497   0.0016390172     0.99927497
      1.0000000     -1.9971578    0.023654169     0.99927503   0.0016388191     0.99927503
      1.0000000     -1.9971580    0.023651859     0.99927508   0.0016386222     0.99927508
      1.0000000     -1.9971578    0.023653303     0.99927502   0.0016386513     0.99927502
      1.0000000     -1.9971577    0.023653749     0.99927500   0.0016386826     0.99927500
      1.0000000     -1.9971576    0.023654665     0.99927498   0.0016386742     0.99927498
      1.0000000     -1.9971577    0.023652987     0.99927500   0.0016384627     0.99927500
      1.0000000     -1.9971574    0.023654335     0.99927493   0.0016385048     0.99927493
      1.0000000     -1.9971571    0.023657490     0.99927486   0.0016386194     0.99927486
      1.0000000     -1.9971572    0.023656619     0.99927488   0.0016384627     0.99927488
      1.0000000     -1.9971572    0.023656021     0.99927489   0.0016383642     0.99927489
      1.0000000     -1.9971575    0.023653747     0.99927496   0.0016381249     0.99927496
      1.0000000     -1.9971576    0.023651754     0.99927500   0.0016378743     0.99927500
      1.0000000     -1.9971577    0.023651020     0.99927501   0.0016377076     0.99927501
      1.0000000     -1.9971581    0.023646360     0.99927513   0.0016372795     0.99927513
      1.0000000     -1.9971582    0.023644230     0.99927516   0.0016370924     0.99927516
      1.0000000     -1.9971582    0.023644418     0.99927514   0.0016371006     0.99927514
      1.0000000     -1.9971577    0.023646934     0.99927503   0.0016372285     0.99927503
      1.0000000     -1.9971574    0.023649694     0.99927495   0.0016373444     0.99927495
      1.0000000     -1.9971574    0.023649214     0.99927494   0.0016372592     0.99927494
      1.0000000     -1.9971573    0.023649970     0.99927491   0.0016372114     0.99927491
      1.0000000     -1.9971574    0.023649508     0.99927493   0.0016371366     0.99927493
      1.0000000     -1.9971573    0.023649785     0.99927490   0.0016371171     0.99927490
      1.0000000     -1.9971571    0.023650760     0.99927486   0.0016371400     0.99927486
      1.0000000     -1.9971569    0.023651435     0.99927483   0.0016370925     0.99927483
      1.0000000     -1.9971571    0.023650045     0.99927488   0.0016369338     0.99927488
      1.0000000     -1.9971573    0.023647479     0.99927493   0.0016366809     0.99927493
      1.0000000     -1.9971573    0.023646713     0.99927493   0.0016365679     0.99927493
      1.0000000     -1.9971572    0.023646912     0.99927491   0.0016364796     0.99927491
      1.0000000     -1.9971573    0.023646405     0.99927493   0.0016363928     0.99927493
      1.0000000     -1.9971574    0.023645429     0.99927495   0.0016362575     0.99927495
      1.0000000     -1.9971574    0.023644647     0.99927496   0.0016361417     0.99927496
      1.0000000     -1.9971576    0.023643254     0.99927500   0.0016359824     0.99927500
      1.0000000     -1.9971578    0.023640601     0.99927507   0.0016357132     0.99927507
      1.0000000     -1.9971580    0.023639707     0.99927511   0.0016356042     0.99927511
      1.0000000     -1.9971580    0.023639726     0.99927510   0.0016355623     0.99927510
      1.0000000     -1.9971579    0.023639913     0.99927508   0.0016354782     0.99927508
      1.0000000     -1.9971578    0.023641599     0.99927505   0.0016356149     0.99927505
      1.0000000     -1.9971579    0.023640087     0.99927508   0.0016354196     0.99927508
      1.0000000     -1.9971581    0.023637633     0.99927514   0.0016352208     0.99927514
      1.0000000     -1.9971583    0.023636180     0.99927519   0.0016351354     0.99927519
      1.0000000     -1.9971585    0.023634126     0.99927523   0.0016349106     0.99927523
      1.0000000     -1.9971585    0.023633590     0.99927523   0.0016348193     0.99927523
      1.0000000     -1.9971586    0.023632582     0.99927525   0.0016347216     0.99927525
      1.0000000     -1.9971585    0.023633642     0.99927522   0.0016348138     0.99927522
      1.0000000     -1.9971582    0.023636452     0.99927514   0.0016349647     0.99927514
      1.0000000     -1.9971581    0.023636549     0.99927512   0.0016348900     0.99927512
      1.0000000     -1.9971579    0.023638564     0.99927508   0.0016349755     0.99927508
      1.0000000     -1.9971581    0.023636346     0.99927513   0.0016347299     0.99927513
      1.0000000     -1.9971578    0.023637467     0.99927506   0.0016347473     0.99927506
      1.0000000     -1.9971581    0.023635426     0.99927512   0.0016345481     0.99927512
      1.0000000     -1.9971581    0.023634310     0.99927512   0.0016344021     0.99927512
      1.0000000     -1.9971582    0.023632714     0.99927515   0.0016342260     0.99927515
      1.0000000     -1.9971581    0.023632689     0.99927512   0.0016341757     0.99927512
      1.0000000     -1.9971582    0.023631868     0.99927514   0.0016340935     0.99927514
      1.0000000     -1.9971585    0.023628538     0.99927523   0.0016337837     0.99927523
      1.0000000     -1.9971583    0.023629958     0.99927519   0.0016338356     0.99927519
      1.0000000     -1.9971585    0.023629428     0.99927523   0.0016337424     0.99927523
      1.0000000     -1.9971584    0.023630584     0.99927520   0.0016337572     0.99927520
      1.0000000     -1.9971583    0.023630946     0.99927520   0.0016337314     0.99927520
      1.0000000     -1.9971581    0.023633627     0.99927512   0.0016338853     0.99927512
      1.0000000     -1.9971582    0.023631877     0.99927515   0.0016337247     0.99927515
      1.0000000     -1.9971580    0.023633506     0.99927509   0.0016338221     0.99927509
      1.0000000     -1.9971579    0.023633448     0.99927508   0.0016338123     0.99927508
      1.0000000     -1.9971579    0.023633142     0.99927506   0.0016337125     0.99927506
      1.0000000     -1.9971582    0.023629482     0.99927515   0.0016334150     0.99927515
      1.0000000     -1.9971585    0.023626602     0.99927523   0.0016331554     0.99927523
      1.0000000     -1.9971584    0.023627096     0.99927519   0.0016331570     0.99927519
      1.0000000     -1.9971583    0.023626953     0.99927518   0.0016330914     0.99927518
      1.0000000     -1.9971585    0.023624792     0.99927522   0.0016329090     0.99927522
      1.0000000     -1.9971587    0.023623261     0.99927527   0.0016327937     0.99927527
      1.0000000     -1.9971586    0.023623744     0.99927525   0.0016327827     0.99927525
      1.0000000     -1.9971586    0.023624265     0.99927525   0.0016328002     0.99927525
      1.0000000     -1.9971587    0.023623377     0.99927527   0.0016326980     0.99927527
      1.0000000     -1.9971588    0.023622599     0.99927528   0.0016326248     0.99927528
      1.0000000     -1.9971589    0.023621962     0.99927530   0.0016325457     0.99927530
      1.0000000     -1.9971590    0.023619250     0.99927535   0.0016322996     0.99927535
      1.0000000     -1.9971592    0.023617839     0.99927538   0.0016321450     0.99927538
      1.0000000     -1.9971592    0.023617008     0.99927539   0.0016320112     0.99927539
      1.0000000     -1.9971593    0.023616365     0.99927541   0.0016319210     0.99927541
      1.0000000     -1.9971593    0.023616163     0.99927541   0.0016319061     0.99927541
      1.0000000     -1.9971592    0.023616751     0.99927539   0.0016319021     0.99927539
      1.0000000     -1.9971593    0.023616053     0.99927541   0.0016318066     0.99927541
      1.0000000     -1.9971592    0.023617387     0.99927538   0.0016318179     0.99927538
      1.0000000     -1.9971593    0.023616613     0.99927540   0.0016316928     0.99927540
      1.0000000     -1.9971590    0.023616398     0.99927535   0.0016315899     0.99927535
      1.0000000     -1.9971590    0.023617032     0.99927534   0.0016315521     0.99927534
      1.0000000     -1.9971594    0.023613102     0.99927544   0.0016311836     0.99927544
      1.0000000     -1.9971595    0.023611489     0.99927548   0.0016310524     0.99927548
      1.0000000     -1.9971597    0.023610050     0.99927552   0.0016308812     0.99927552
      1.0000000     -1.9971598    0.023608408     0.99927555   0.0016307784     0.99927555
      1.0000000     -1.9971596    0.023609669     0.99927551   0.0016307805     0.99927551
      1.0000000     -1.9971597    0.023609213     0.99927552   0.0016306925     0.99927552
      1.0000000     -1.9971593    0.023611714     0.99927543   0.0016307749     0.99927543
      1.0000000     -1.9971595    0.023609440     0.99927549   0.0016305406     0.99927549
      1.0000000     -1.9971596    0.023607796     0.99927552   0.0016303673     0.99927552
      1.0000000     -1.9971595    0.023607773     0.99927549   0.0016302882     0.99927549
      1.0000000     -1.9971597    0.023604667     0.99927553   0.0016300160     0.99927553
      1.0000000     -1.9971596    0.023604967     0.99927553   0.0016299592     0.99927553
      1.0000000     -1.9971596    0.023604704     0.99927552   0.0016299571     0.99927552
      1.0000000     -1.9971594    0.023606517     0.99927547   0.0016300572     0.99927547
      1.0000000     -1.9971594    0.023606866     0.99927546   0.0016300583     0.99927546
      1.0000000     -1.9971595    0.023605106     0.99927550   0.0016298655     0.99927550
      1.0000000     -1.9971592    0.023607244     0.99927542   0.0016299642     0.99927542
      1.0000000     -1.9971593    0.023606180     0.99927543   0.0016298470     0.99927543
      1.0000000     -1.9971594    0.023603932     0.99927547   0.0016296221     0.99927547
      1.0000000     -1.9971594    0.023604156     0.99927547   0.0016295435     0.99927547
      1.0000000     -1.9971593    0.023606020     0.99927543   0.0016296882     0.99927543
      1.0000000     -1.9971593    0.023605617     0.99927545   0.0016295773     0.99927545
      1.0000000     -1.9971595    0.023603119     0.99927550   0.0016293396     0.99927550
      1.0000000     -1.9971594    0.023603609     0.99927548   0.0016293020     0.99927548
      1.0000000     -1.9971594    0.023602697     0.99927548   0.0016291281     0.99927548
      1.0000000     -1.9971595    0.023601475     0.99927551   0.0016290017     0.99927551
      1.0000000     -1.9971594    0.023602332     0.99927548   0.0016290249     0.99927548
      1.0000000     -1.9971596    0.023600083     0.99927554   0.0016288166     0.99927554
      1.0000000     -1.9971594    0.023601815     0.99927549   0.0016289226     0.99927549
      1.0000000     -1.9971595    0.023600785     0.99927550   0.0016287706     0.99927550
      1.0000000     -1.9971595    0.023599662     0.99927551   0.0016286149     0.99927551
      1.0000000     -1.9971594    0.023600608     0.99927547   0.0016287040     0.99927547
      1.0000000     -1.9971592    0.023601089     0.99927543   0.0016287179     0.99927543
      1.0000000     -1.9971592    0.023600898     0.99927543   0.0016286434     0.99927543
      1.0000000     -1.9971594    0.023599138     0.99927547   0.0016284737     0.99927547
      1.0000000     -1.9971593    0.023598921     0.99927545   0.0016284024     0.99927545
      1.0000000     -1.9971593    0.023599393     0.99927543   0.0016284014     0.99927543
      1.0000000     -1.9971593    0.023597668     0.99927546   0.0016282067     0.99927546
      1.0000000     -1.9971594    0.023596746     0.99927547   0.0016280876     0.99927547
      1.0000000     -1.9971593    0.023597360     0.99927545   0.0016281005     0.99927545
      1.0000000     -1.9971592    0.023596919     0.99927542   0.0016280185     0.99927542
      1.0000000     -1.9971593    0.023596640     0.99927543   0.0016279913     0.99927543
      1.0000000     -1.9971593    0.023597126     0.99927543   0.0016280678     0.99927543
      1.0000000     -1.9971592    0.023597448     0.99927542   0.0016280441     0.99927542
      1.0000000     -1.9971590    0.023599799     0.99927535   0.0016281824     0.99927535
      1.0000000     -1.9971589    0.023600006     0.99927533   0.0016281337     0.99927533
      1.0000000     -1.9971587    0.023601585     0.99927528   0.0016281969     0.99927528
      1.0000000     -1.9971586    0.023602478     0.99927526   0.0016281988     0.99927526
      1.0000000     -1.9971585    0.023603582     0.99927523   0.0016282062     0.99927523
      1.0000000     -1.9971585    0.023604053     0.99927523   0.0016281578     0.99927523
      1.0000000     -1.9971585    0.023602722     0.99927525   0.0016279704     0.99927525
      1.0000000     -1.9971584    0.023604372     0.99927521   0.0016280364     0.99927521
      1.0000000     -1.9971583    0.023605119     0.99927518   0.0016280294     0.99927518
      1.0000000     -1.9971580    0.023606368     0.99927512   0.0016280998     0.99927512
      1.0000000     -1.9971580    0.023606928     0.99927511   0.0016280790     0.99927511
      1.0000000     -1.9971580    0.023607237     0.99927511   0.0016280765     0.99927511
      1.0000000     -1.9971579    0.023607382     0.99927509   0.0016279881     0.99927509
      1.0000000     -1.9971580    0.023606266     0.99927512   0.0016278409     0.99927512
      1.0000000     -1.9971578    0.023607822     0.99927507   0.0016279050     0.99927507
      1.0000000     -1.9971579    0.023607408     0.99927509   0.0016277685     0.99927509
      1.0000000     -1.9971579    0.023605522     0.99927511   0.0016275639     0.99927511
      1.0000000     -1.9971582    0.023602737     0.99927518   0.0016273146     0.99927518
      1.0000000     -1.9971581    0.023603497     0.99927515   0.0016273890     0.99927515
      1.0000000     -1.9971581    0.023603510     0.99927514   0.0016273521     0.99927514
      1.0000000     -1.9971578    0.023605609     0.99927508   0.0016274530     0.99927508
      1.0000000     -1.9971578    0.023605400     0.99927507   0.0016274142     0.99927507
      1.0000000     -1.9971575    0.023609303     0.99927498   0.0016276443     0.99927498
      1.0000000     -1.9971572    0.023610248     0.99927492   0.0016276183     0.99927492
      1.0000000     -1.9971573    0.023609705     0.99927494   0.0016275159     0.99927494
      1.0000000     -1.9971570    0.023611147     0.99927488   0.0016275807     0.99927488
      1.0000000     -1.9971570    0.023611974     0.99927486   0.0016275830     0.99927486
      1.0000000     -1.9971570    0.023611970     0.99927487   0.0016275365     0.99927487
      1.0000000     -1.9971570    0.023612368     0.99927486   0.0016275276     0.99927486
      1.0000000     -1.9971567    0.023614378     0.99927478   0.0016277150     0.99927478
      1.0000000     -1.9971568    0.023612754     0.99927481   0.0016275375     0.99927481
      1.0000000     -1.9971567    0.023614257     0.99927478   0.0016276714     0.99927478
      1.0000000     -1.9971567    0.023614255     0.99927478   0.0016275936     0.99927478
      1.0000000     -1.9971568    0.023612660     0.99927482   0.0016274203     0.99927482
      1.0000000     -1.9971567    0.023614359     0.99927478   0.0016275134     0.99927478
      1.0000000     -1.9971567    0.023613920     0.99927478   0.0016274386     0.99927478
      1.0000000     -1.9971568    0.023612614     0.99927480   0.0016273117     0.99927480
      1.0000000     -1.9971567    0.023613371     0.99927479   0.0016273291     0.99927479
      1.0000000     -1.9971570    0.023611064     0.99927487   0.0016271029     0.99927487
      1.0000000     -1.9971569    0.023611994     0.99927484   0.0016270933     0.99927484
      1.0000000     -1.9971567    0.023612909     0.99927480   0.0016270921     0.99927480
      1.0000000     -1.9971567    0.023613090     0.99927480   0.0016270642     0.99927480
      1.0000000     -1.9971568    0.023612140     0.99927482   0.0016270355     0.99927482
      1.0000000     -1.9971567    0.023612338     0.99927480   0.0016269796     0.99927480
      1.0000000     -1.9971569    0.023611299     0.99927484   0.0016268338     0.99927484
      1.0000000     -1.9971569    0.023611368     0.99927484   0.0016267888     0.99927484
      1.0000000     -1.9971569    0.023611302     0.99927483   0.0016267648     0.99927483
      1.0000000     -1.9971570    0.023610152     0.99927487   0.0016266684     0.99927487
      1.0000000     -1.9971572    0.023607322     0.99927493   0.0016264150     0.99927493
      1.0000000     -1.9971571    0.023608370     0.99927490   0.0016264261     0.99927490
      1.0000000     -1.9971573    0.023605770     0.99927495   0.0016262069     0.99927495
      1.0000000     -1.9971571    0.023606967     0.99927491   0.0016262260     0.99927491
      1.0000000     -1.9971571    0.023607055     0.99927491   0.0016262044     0.99927491
      1.0000000     -1.9971570    0.023607951     0.99927487   0.0016262399     0.99927487
