T     E/N       E-var/TT       M/N       M-var/T       Mabs/N       
      2.4000000     -1.2351180      1.5271351   -0.067126000      9.1498612     0.45586200
      2.4000000     -1.2381770      1.4660852   0.0070555000      8.7265525     0.46238800
      2.4000000     -1.2413240      1.4471977    0.044185167      8.7137668     0.46736183
      2.4000000     -1.2396567      1.4404194    0.011847625      8.8303614     0.46185762
      2.4000000     -1.2347354      1.4202849   0.0066238000      8.9431519     0.44911080
      2.4000000     -1.2349163      1.4053592   0.0072364167      8.7751581     0.45070792
      2.4000000     -1.2330157      1.4118960   0.0090631429      8.8564536     0.44688529
      2.4000000     -1.2313230      1.4030111  -0.0034428125      8.8684241     0.44331331
      2.4000000     -1.2330147      1.3993334   -0.011103944      8.7358511     0.44791728
      2.4000000     -1.2335642      1.4066154   -0.010334450      8.7685718     0.44864005
      2.4000000     -1.2349329      1.4160355   -0.027246727      8.7667694     0.45055909
      2.4000000     -1.2346853      1.4100849   -0.031391208      8.7648436     0.44966363
      2.4000000     -1.2342093      1.4104394   -0.032517577      8.7570150     0.44884373
      2.4000000     -1.2347302      1.4122097   -0.019815214      8.7955245     0.44893364
      2.4000000     -1.2343322      1.4090565   -0.022033767      8.8074802     0.44746863
      2.4000000     -1.2346623      1.4060170   -0.027320500      8.7936027     0.44866919
      2.4000000     -1.2358061      1.4163800   -0.014385559      8.8080718     0.45145938
      2.4000000     -1.2355587      1.4151532   -0.013681639      8.8021915     0.45112519
      2.4000000     -1.2353802      1.4112935   -0.018310158      8.7762866     0.45081605
      2.4000000     -1.2352569      1.4110167  -0.0095932750      8.7287297     0.45127393
      2.4000000     -1.2344014      1.4093469  -0.0073162381      8.7395656     0.44950767
      2.4000000     -1.2349532      1.4081913   -0.014683545      8.6967042     0.45084027
      2.4000000     -1.2342876      1.4028667   -0.013577848      8.6791619     0.44981485
      2.4000000     -1.2338479      1.4011652  -0.0094882500      8.6958209     0.44870454
      2.4000000     -1.2336292      1.3968852  -0.0041900400      8.6851289     0.44792904
      2.4000000     -1.2337365      1.3953205  -0.0027859808      8.6940173     0.44765894
      2.4000000     -1.2339463      1.3979013  -0.0088028889      8.6884743     0.44841207
      2.4000000     -1.2333564      1.3993816  -0.0078062500      8.7183233     0.44714989
      2.4000000     -1.2332581      1.4003967  -0.0088169483      8.7473244     0.44677216
      2.4000000     -1.2334034      1.4016471  -0.0051299333      8.7443806     0.44703677
      2.4000000     -1.2333129      1.4003833  -0.0026559516      8.7497136     0.44675898
      2.4000000     -1.2330317      1.3993271  -0.0051217187      8.7754142     0.44610256
      2.4000000     -1.2327472      1.3993695  -0.0047022273      8.7828132     0.44568889
      2.4000000     -1.2329680      1.3995907  -0.0033620000      8.7890941     0.44609097
      2.4000000     -1.2334739      1.3999627  -0.0026109286      8.7772164     0.44722593
      2.4000000     -1.2338406      1.4004429   0.0019355278      8.7780229     0.44808353
      2.4000000     -1.2342046      1.4019598   0.0017730405      8.7870024     0.44847277
      2.4000000     -1.2340722      1.4009670   0.0036309868      8.7995150     0.44790670
      2.4000000     -1.2343144      1.3998893   0.0014385000      8.7783548     0.44850586
      2.4000000     -1.2337586      1.3990176   0.0051019250      8.8058485     0.44701795
      2.4000000     -1.2339675      1.3983251   0.0044685732      8.7911250     0.44763750
      2.4000000     -1.2339398      1.3989628   0.0066080238      8.7924630     0.44760224
      2.4000000     -1.2337875      1.3998830   0.0049758721      8.8008181     0.44738234
      2.4000000     -1.2337953      1.4006880   0.0022193636      8.7992909     0.44773598
      2.4000000     -1.2341086      1.4011166  0.00082137778      8.8038168     0.44829504
      2.4000000     -1.2340290      1.4017171  -0.0032531848      8.8138733     0.44781449
      2.4000000     -1.2338013      1.4006336 -0.00017205319      8.8171338     0.44723227
      2.4000000     -1.2337604      1.4010011  -0.0031492604      8.8211254     0.44718795
      2.4000000     -1.2340697      1.4028953  0.00054113265      8.8227759     0.44791054
      2.4000000     -1.2342860      1.4024131  -0.0035323700      8.8238921     0.44830135
      2.4000000     -1.2341116      1.4026447  -0.0053821373      8.8373299     0.44796431
      2.4000000     -1.2341952      1.4033440  -0.0041684904      8.8460303     0.44805293
      2.4000000     -1.2344729      1.4050565  -0.0024028585      8.8488512     0.44872429
      2.4000000     -1.2346859      1.4047976  0.00021772222      8.8477711     0.44916478
      2.4000000     -1.2346893      1.4041878 -9.5627273E-05      8.8414497     0.44945068
      2.4000000     -1.2350583      1.4058412  -0.0026531250      8.8455774     0.45021062
      2.4000000     -1.2354573      1.4067563   0.0025605263      8.8456943     0.45105256
      2.4000000     -1.2356384      1.4084503   0.0046259052      8.8507584     0.45133380
      2.4000000     -1.2359302      1.4080334   0.0086821102      8.8388375     0.45210172
      2.4000000     -1.2359880      1.4073392   0.0064132667      8.8347655     0.45225315
      2.4000000     -1.2360938      1.4067910   0.0047586230      8.8293872     0.45249757
      2.4000000     -1.2362233      1.4076600   0.0061456613      8.8324625     0.45276440
      2.4000000     -1.2363820      1.4075148   0.0018638810      8.8204610     0.45330506
      2.4000000     -1.2362641      1.4063032  0.00071568750      8.8175990     0.45308436
      2.4000000     -1.2363474      1.4072254  0.00057513846      8.8329259     0.45304726
      2.4000000     -1.2361980      1.4062604 -0.00020171970      8.8237124     0.45286799
      2.4000000     -1.2362892      1.4059390  -0.0024902836      8.8240444     0.45301433
      2.4000000     -1.2361924      1.4048469 -0.00099740441      8.8234175     0.45285820
      2.4000000     -1.2360121      1.4051852  0.00083225362      8.8344922     0.45237614
      2.4000000     -1.2361943      1.4055358   0.0013411000      8.8290072     0.45274501
      2.4000000     -1.2361250      1.4053292 -0.00061830986      8.8305981     0.45248854
      2.4000000     -1.2364271      1.4055455  0.00093614583      8.8257700     0.45315315
      2.4000000     -1.2367005      1.4057313   0.0012755274      8.8192309     0.45374598
      2.4000000     -1.2368350      1.4072131   0.0011730946      8.8236332     0.45394628
      2.4000000     -1.2368769      1.4072214   0.0017887667      8.8202914     0.45413431
      2.4000000     -1.2371190      1.4084451   0.0015909868      8.8124359     0.45468841
      2.4000000     -1.2371062      1.4081791   0.0045988377      8.8174524     0.45455429
      2.4000000     -1.2369242      1.4083413   0.0033510513      8.8194765     0.45405723
      2.4000000     -1.2367372      1.4079798   0.0057742405      8.8192947     0.45373173
      2.4000000     -1.2366279      1.4085048   0.0046965187      8.8145869     0.45357601
      2.4000000     -1.2369232      1.4084562   0.0047120062      8.8065931     0.45425762
      2.4000000     -1.2371641      1.4091273   0.0029693293      8.8037177     0.45475393
      2.4000000     -1.2371502      1.4095063   0.0028339458      8.8120299     0.45465748
      2.4000000     -1.2372044      1.4111020   0.0019281012      8.8254468     0.45474654
      2.4000000     -1.2371129      1.4110932  0.00095012941      8.8299066     0.45453901
      2.4000000     -1.2371766      1.4104661   0.0015440465      8.8236951     0.45473921
      2.4000000     -1.2372520      1.4106297   0.0047273966      8.8215668     0.45495136
      2.4000000     -1.2373555      1.4107510   0.0052336250      8.8161346     0.45509602
      2.4000000     -1.2374397      1.4116816   0.0045545056      8.8197288     0.45515892
      2.4000000     -1.2375186      1.4108286   0.0052806056      8.8090497     0.45536926
      2.4000000     -1.2374414      1.4094798   0.0059956923      8.7983090     0.45529912
      2.4000000     -1.2374554      1.4094380   0.0059510815      8.7977122     0.45538376
      2.4000000     -1.2374667      1.4088161   0.0047691774      8.7927730     0.45542188
      2.4000000     -1.2372981      1.4088757   0.0038337553      8.7934155     0.45511371
      2.4000000     -1.2373483      1.4088159   0.0032638053      8.7922748     0.45511227
      2.4000000     -1.2373361      1.4082471   0.0037815990      8.7953859     0.45505343
      2.4000000     -1.2373711      1.4084686   0.0037236340      8.7910742     0.45521412
      2.4000000     -1.2374101      1.4093468   0.0047823980      8.7916495     0.45524797
      2.4000000     -1.2375809      1.4097847   0.0020670556      8.7917541     0.45557423
      2.4000000     -1.2374025      1.4094164   0.0018559200      8.7930826     0.45524381
      2.4000000     -1.2374541      1.4097263   0.0015041782      8.7858226     0.45548052
      2.4000000     -1.2375423      1.4101754   0.0012581961      8.7846413     0.45573302
      2.4000000     -1.2375877      1.4090605 -0.00016121845      8.7806658     0.45580634
      2.4000000     -1.2375382      1.4085484  0.00087580288      8.7816742     0.45563797
      2.4000000     -1.2375267      1.4085878   0.0024860619      8.7851948     0.45556109
      2.4000000     -1.2375106      1.4082907   0.0016961415      8.7812918     0.45552802
      2.4000000     -1.2373400      1.4081345   0.0013950794      8.7854775     0.45512227
      2.4000000     -1.2373488      1.4086210  -0.0012625787      8.7809082     0.45516270
      2.4000000     -1.2373640      1.4087103  -0.0012047064      8.7798941     0.45520302
      2.4000000     -1.2372429      1.4083336  -0.0029503364      8.7802572     0.45494574
      2.4000000     -1.2372867      1.4089825  -0.0047886757      8.7869668     0.45499595
      2.4000000     -1.2372304      1.4083757  -0.0037647768      8.7838684     0.45485617
      2.4000000     -1.2372348      1.4080798  -0.0049321504      8.7902624     0.45476191
      2.4000000     -1.2370829      1.4076318  -0.0055608114      8.7925266     0.45444447
      2.4000000     -1.2370353      1.4079363  -0.0042837348      8.7947233     0.45435486
      2.4000000     -1.2371413      1.4093690  -0.0035585603      8.8002162     0.45457098
      2.4000000     -1.2371167      1.4099633  -0.0042307479      8.8056262     0.45453371
      2.4000000     -1.2373255      1.4105152  -0.0039629449      8.8021296     0.45503866
      2.4000000     -1.2372884      1.4110167  -0.0056575924      8.7999747     0.45505791
      2.4000000     -1.2373573      1.4120281  -0.0072822000      8.8053488     0.45517733
      2.4000000     -1.2373187      1.4115395  -0.0085235496      8.8042652     0.45513514
      2.4000000     -1.2373198      1.4115039  -0.0079082459      8.8059942     0.45509555
      2.4000000     -1.2373372      1.4112825  -0.0076221667      8.8027393     0.45513824
      2.4000000     -1.2374231      1.4114672  -0.0070235081      8.8024775     0.45535183
      2.4000000     -1.2374449      1.4113302  -0.0072521800      8.7983306     0.45541135
      2.4000000     -1.2373861      1.4109176  -0.0065550635      8.8027517     0.45521152
      2.4000000     -1.2372834      1.4109472  -0.0067865709      8.8061586     0.45499115
      2.4000000     -1.2373519      1.4113652  -0.0070571523      8.8057894     0.45510967
      2.4000000     -1.2372659      1.4100895  -0.0078262403      8.8038853     0.45489093
      2.4000000     -1.2371985      1.4099771  -0.0074610269      8.8039295     0.45478646
      2.4000000     -1.2373650      1.4109396  -0.0066046679      8.8070655     0.45509847
      2.4000000     -1.2375348      1.4113678  -0.0058555379      8.8048717     0.45544607
      2.4000000     -1.2375835      1.4114869  -0.0040156241      8.8074335     0.45555186
      2.4000000     -1.2374975      1.4113800  -0.0026081940      8.8114350     0.45525606
      2.4000000     -1.2375165      1.4119657  -0.0013463037      8.8152792     0.45529692
      2.4000000     -1.2374489      1.4113749 -0.00062269485      8.8147935     0.45514442
      2.4000000     -1.2374399      1.4113112 -0.00087532117      8.8122595     0.45518099
      2.4000000     -1.2375739      1.4114679  -0.0021298406      8.8100160     0.45548834
      2.4000000     -1.2375657      1.4107471  -0.0020587734      8.8075127     0.45541939
      2.4000000     -1.2376196      1.4110859  -0.0011494857      8.8086354     0.45555622
      2.4000000     -1.2375943      1.4104158  -0.0012104468      8.8053275     0.45553109
      2.4000000     -1.2376470      1.4102379  -0.0010453944      8.8008591     0.45569033
      2.4000000     -1.2375780      1.4109842 -0.00063181119      8.8066586     0.45553752
      2.4000000     -1.2375985      1.4111423 -0.00095672917      8.8063903     0.45563306
      2.4000000     -1.2376261      1.4110780  0.00041355517      8.8062757     0.45568205
      2.4000000     -1.2375543      1.4113109  0.00038328767      8.8077846     0.45548973
      2.4000000     -1.2373248      1.4106204  0.00042714286      8.8144208     0.45490846
      2.4000000     -1.2372975      1.4099688   0.0012299257      8.8102245     0.45490036
      2.4000000     -1.2373846      1.4102655   0.0015984396      8.8105169     0.45502746
      2.4000000     -1.2374097      1.4104911   0.0020618900      8.8113657     0.45499362
      2.4000000     -1.2374269      1.4107279   0.0012726788      8.8151207     0.45497469
      2.4000000     -1.2373961      1.4104071  0.00088143750      8.8140321     0.45493048
      2.4000000     -1.2373239      1.4096509 -0.00011012745      8.8125844     0.45479591
      2.4000000     -1.2374673      1.4101127 -0.00058777273      8.8127995     0.45505582
      2.4000000     -1.2374500      1.4098715  0.00033532903      8.8102199     0.45504251
      2.4000000     -1.2374317      1.4099063 -0.00075653846      8.8102862     0.45503429
      2.4000000     -1.2374110      1.4093934  -0.0015811115      8.8063116     0.45509321
      2.4000000     -1.2373525      1.4092145  -0.0011825253      8.8023811     0.45502432
      2.4000000     -1.2372830      1.4093477  -0.0026854686      8.8091505     0.45484081
      2.4000000     -1.2373117      1.4093601  -0.0027991969      8.8075866     0.45493432
      2.4000000     -1.2373550      1.4100459  -0.0033504441      8.8083776     0.45500952
      2.4000000     -1.2372891      1.4096475  -0.0039554105      8.8058069     0.45485490
      2.4000000     -1.2373949      1.4097669  -0.0038159356      8.8044533     0.45504850
      2.4000000     -1.2372570      1.4086673  -0.0032634512      8.8019109     0.45475148
      2.4000000     -1.2372400      1.4088379  -0.0039196788      8.8016907     0.45472318
      2.4000000     -1.2373249      1.4086200  -0.0025074729      8.8024070     0.45486053
      2.4000000     -1.2373083      1.4082521 -0.00076368862      8.7996612     0.45484113
      2.4000000     -1.2373121      1.4086690  0.00014146726      8.8037161     0.45477840
      2.4000000     -1.2372757      1.4081668  0.00079360059      8.8014534     0.45469268
      2.4000000     -1.2373451      1.4084105 -4.7352941E-07      8.8020940     0.45482196
      2.4000000     -1.2373379      1.4086799  0.00086316082      8.8091222     0.45471408
      2.4000000     -1.2373384      1.4091224 -0.00047856395      8.8135187     0.45465106
      2.4000000     -1.2372953      1.4088744  0.00018480058      8.8111002     0.45454472
      2.4000000     -1.2372809      1.4089649  0.00034618103      8.8100282     0.45453312
      2.4000000     -1.2373004      1.4088137   0.0010753657      8.8063675     0.45462865
      2.4000000     -1.2372287      1.4088210  5.2227273E-05      8.8094561     0.45445129
      2.4000000     -1.2371413      1.4084534 -0.00028135593      8.8075122     0.45429350
      2.4000000     -1.2371413      1.4084670 -0.00082723596      8.8043370     0.45436263
      2.4000000     -1.2371514      1.4090289 -0.00070163687      8.8077670     0.45435501
      2.4000000     -1.2371984      1.4091949  -0.0012629889      8.8065473     0.45447774
      2.4000000     -1.2371949      1.4092874  -0.0010594088      8.8079189     0.45442323
      2.4000000     -1.2371923      1.4094222  -0.0014359396      8.8068676     0.45445361
      2.4000000     -1.2371625      1.4095772  -0.0014069973      8.8085005     0.45436549
      2.4000000     -1.2371222      1.4095337  -0.0011150652      8.8081877     0.45426862
      2.4000000     -1.2370252      1.4095950 -0.00044416757      8.8098285     0.45406299
      2.4000000     -1.2370883      1.4091814 -0.00070365323      8.8016050     0.45426773
      2.4000000     -1.2370721      1.4088225  -0.0020013182      8.7989021     0.45428674
      2.4000000     -1.2370752      1.4086245  -0.0032353218      8.7965459     0.45432255
      2.4000000     -1.2370885      1.4085024  -0.0039847434      8.7924060     0.45441025
      2.4000000     -1.2371243      1.4085121  -0.0036404053      8.7896384     0.45451336
      2.4000000     -1.2371113      1.4083486  -0.0026263743      8.7878590     0.45453610
      2.4000000     -1.2370712      1.4086036  -0.0030624375      8.7912311     0.45442200
      2.4000000     -1.2369680      1.4084006  -0.0029763135      8.7941054     0.45417058
      2.4000000     -1.2370027      1.4087222  -0.0032952423      8.7922315     0.45430354
      2.4000000     -1.2369408      1.4084113  -0.0032981077      8.7940906     0.45416345
      2.4000000     -1.2368887      1.4086487  -0.0038025281      8.7953828     0.45406312
      2.4000000     -1.2369157      1.4089310  -0.0036922462      8.7965412     0.45414201
      2.4000000     -1.2368913      1.4087968  -0.0050438561      8.7986713     0.45403633
      2.4000000     -1.2368979      1.4091819  -0.0053624598      8.8027693     0.45398091
      2.4000000     -1.2369481      1.4092676  -0.0058796300      8.8018243     0.45409600
      2.4000000     -1.2369884      1.4091011  -0.0053006194      8.8011485     0.45420224
      2.4000000     -1.2369895      1.4087503  -0.0053474282      8.8006745     0.45415563
      2.4000000     -1.2370534      1.4089516  -0.0044524729      8.7988937     0.45431375
      2.4000000     -1.2370433      1.4090326  -0.0052110907      8.7977822     0.45430512
      2.4000000     -1.2370798      1.4093692  -0.0046375659      8.7989460     0.45436036
      2.4000000     -1.2370314      1.4091196  -0.0040607937      8.8015024     0.45421437
      2.4000000     -1.2371016      1.4095850  -0.0038458188      8.8031814     0.45433859
      2.4000000     -1.2370926      1.4090931  -0.0029290721      8.8035689     0.45428590
      2.4000000     -1.2370973      1.4089241  -0.0031492297      8.8009956     0.45435418
      2.4000000     -1.2371681      1.4092373  -0.0030540786      8.8001978     0.45453407
      2.4000000     -1.2371125      1.4092130  -0.0025225687      8.8002791     0.45442546
      2.4000000     -1.2370657      1.4088650  -0.0019896439      8.8004454     0.45429826
      2.4000000     -1.2371594      1.4087604  -0.0025156948      8.7975907     0.45449112
      2.4000000     -1.2370659      1.4081690  -0.0023135514      8.7976806     0.45426788
      2.4000000     -1.2370064      1.4083011  -0.0024432860      8.7987736     0.45416376
      2.4000000     -1.2370481      1.4086259  -0.0032181273      8.7976454     0.45426985
      2.4000000     -1.2370925      1.4088959  -0.0033175922      8.7989925     0.45435663
      2.4000000     -1.2371636      1.4092509  -0.0035154954      8.7973256     0.45451727
      2.4000000     -1.2372116      1.4088736  -0.0031569703      8.7935851     0.45460668
      2.4000000     -1.2372507      1.4085404  -0.0033314818      8.7945481     0.45464751
      2.4000000     -1.2372358      1.4083438  -0.0040328145      8.7927432     0.45462677
      2.4000000     -1.2371901      1.4083671  -0.0035649234      8.7961606     0.45450301
      2.4000000     -1.2371542      1.4081905  -0.0029680045      8.7975721     0.45440678
      2.4000000     -1.2372299      1.4087562  -0.0031948304      8.7995773     0.45453757
      2.4000000     -1.2372624      1.4089396  -0.0041696578      8.8006804     0.45460819
      2.4000000     -1.2373056      1.4092381  -0.0043679447      8.8004569     0.45472062
      2.4000000     -1.2372654      1.4091298  -0.0047824581      8.8025493     0.45462940
      2.4000000     -1.2372465      1.4090976  -0.0046620987      8.8043056     0.45457622
      2.4000000     -1.2372903      1.4091552  -0.0049795502      8.8031259     0.45468567
      2.4000000     -1.2373214      1.4091605  -0.0053506478      8.8048074     0.45470814
      2.4000000     -1.2373294      1.4091966  -0.0052116710      8.8063460     0.45471838
      2.4000000     -1.2372627      1.4092261  -0.0045734073      8.8076886     0.45459063
      2.4000000     -1.2372866      1.4091765  -0.0046906116      8.8065239     0.45465544
      2.4000000     -1.2372143      1.4089840  -0.0040677308      8.8090969     0.45444882
      2.4000000     -1.2371167      1.4086409  -0.0043710362      8.8101525     0.45423427
      2.4000000     -1.2371205      1.4088154  -0.0045483962      8.8123522     0.45422951
      2.4000000     -1.2371230      1.4089931  -0.0045398565      8.8136525     0.45425126
      2.4000000     -1.2371420      1.4087613  -0.0045978130      8.8082538     0.45434299
      2.4000000     -1.2372110      1.4087159  -0.0045558556      8.8061711     0.45452364
      2.4000000     -1.2372445      1.4087266  -0.0043650958      8.8035297     0.45460335
      2.4000000     -1.2372977      1.4090716  -0.0039888465      8.8036843     0.45475087
      2.4000000     -1.2372566      1.4091797  -0.0044910103      8.8055095     0.45466932
      2.4000000     -1.2373007      1.4092133  -0.0042587551      8.8045008     0.45477061
      2.4000000     -1.2372730      1.4094896  -0.0041777828      8.8056678     0.45471902
      2.4000000     -1.2371690      1.4092099  -0.0040808490      8.8073964     0.45448423
      2.4000000     -1.2371764      1.4089804  -0.0046466768      8.8070684     0.45448274
      2.4000000     -1.2371385      1.4087281  -0.0047691194      8.8073270     0.45438939
      2.4000000     -1.2371113      1.4091771  -0.0048821129      8.8116071     0.45427307
      2.4000000     -1.2370823      1.4088429  -0.0053125863      8.8116277     0.45422761
      2.4000000     -1.2371154      1.4084251  -0.0051458840      8.8054174     0.45437516
      2.4000000     -1.2371421      1.4086940  -0.0049952371      8.8061508     0.45442455
      2.4000000     -1.2370953      1.4086608  -0.0053747817      8.8048833     0.45436560
      2.4000000     -1.2370764      1.4089926  -0.0047683715      8.8080472     0.45430832
      2.4000000     -1.2370840      1.4088076  -0.0045535276      8.8051420     0.45437797
      2.4000000     -1.2370203      1.4090225  -0.0046235882      8.8073061     0.45426295
      2.4000000     -1.2370390      1.4092100  -0.0048905781      8.8053873     0.45433798
      2.4000000     -1.2370381      1.4091450  -0.0041970253      8.8043184     0.45435446
      2.4000000     -1.2370957      1.4095087  -0.0035450271      8.8036752     0.45444918
      2.4000000     -1.2371162      1.4096167  -0.0036432027      8.8031692     0.45446811
      2.4000000     -1.2371795      1.4099273  -0.0037422000      8.8027201     0.45459308
      2.4000000     -1.2371228      1.4097308  -0.0038864713      8.8039636     0.45446366
      2.4000000     -1.2371510      1.4095327  -0.0043379847      8.8036346     0.45450552
      2.4000000     -1.2371262      1.4097291  -0.0043001483      8.8075884     0.45438572
      2.4000000     -1.2371262      1.4095750  -0.0049087121      8.8062103     0.45441466
      2.4000000     -1.2371592      1.4096906  -0.0041762321      8.8065691     0.45447281
      2.4000000     -1.2371907      1.4098928  -0.0034325019      8.8072774     0.45451303
      2.4000000     -1.2372231      1.4095907  -0.0036472772      8.8044642     0.45459983
      2.4000000     -1.2372048      1.4095595  -0.0034338675      8.8030759     0.45459064
      2.4000000     -1.2372244      1.4096089  -0.0029408271      8.8026110     0.45460233
      2.4000000     -1.2371769      1.4094618  -0.0034511000      8.8028816     0.45450529
      2.4000000     -1.2372306      1.4098071  -0.0033536661      8.8040301     0.45458890
      2.4000000     -1.2371617      1.4095568  -0.0028689816      8.8018196     0.45447639
      2.4000000     -1.2371819      1.4095592  -0.0025628773      8.8024898     0.45449472
      2.4000000     -1.2371679      1.4095588  -0.0024074307      8.8035194     0.45446827
      2.4000000     -1.2371783      1.4094916  -0.0023332309      8.8030600     0.45446277
      2.4000000     -1.2371468      1.4092356  -0.0023547047      8.8019092     0.45441669
      2.4000000     -1.2370814      1.4092160  -0.0021326101      8.8035453     0.45426903
      2.4000000     -1.2371246      1.4092556  -0.0016834227      8.8025648     0.45435060
      2.4000000     -1.2371637      1.4090752  -0.0015784283      8.8002595     0.45444937
      2.4000000     -1.2371525      1.4090966  -0.0025013232      8.8001804     0.45445092
      2.4000000     -1.2371169      1.4089032  -0.0029716637      8.8007807     0.45435172
      2.4000000     -1.2370996      1.4085551  -0.0025354645      8.7992505     0.45434931
      2.4000000     -1.2370942      1.4085448  -0.0023832261      8.7992152     0.45431519
      2.4000000     -1.2370495      1.4081741  -0.0019274014      8.7999917     0.45422008
      2.4000000     -1.2370609      1.4078673  -0.0018179439      8.7980878     0.45427552
      2.4000000     -1.2370672      1.4077680  -0.0015894091      8.7965791     0.45430797
      2.4000000     -1.2370420      1.4077183  -0.0011475087      8.7954660     0.45428396
      2.4000000     -1.2370738      1.4079006  -0.0013452396      8.7940049     0.45436183
      2.4000000     -1.2370987      1.4080058  -0.0016755709      8.7950049     0.45440523
      2.4000000     -1.2371941      1.4085913  -0.0015739690      8.7949275     0.45460687
      2.4000000     -1.2372034      1.4087248  -0.0024952354      8.7962747     0.45460066
      2.4000000     -1.2371952      1.4085671  -0.0023568065      8.7968702     0.45456322
      2.4000000     -1.2372142      1.4087163  -0.0025802031      8.7964200     0.45458713
      2.4000000     -1.2372085      1.4086320  -0.0030758265      8.7961843     0.45457241
      2.4000000     -1.2372475      1.4088961  -0.0039225508      8.7963654     0.45463767
      2.4000000     -1.2372523      1.4093300  -0.0039637990      8.7995491     0.45463821
      2.4000000     -1.2372191      1.4093081  -0.0038788754      8.8010090     0.45457066
      2.4000000     -1.2372264      1.4092430  -0.0033485554      8.8003905     0.45459269
      2.4000000     -1.2372886      1.4096048  -0.0032825702      8.8000703     0.45473204
      2.4000000     -1.2372538      1.4096763  -0.0035833167      8.8026462     0.45465182
      2.4000000     -1.2373042      1.4097356  -0.0036790598      8.8014059     0.45475268
      2.4000000     -1.2372671      1.4093750  -0.0039279238      8.8023653     0.45464575
      2.4000000     -1.2372684      1.4094466  -0.0036037393      8.8011009     0.45467208
      2.4000000     -1.2372490      1.4092822  -0.0037304309      8.7995659     0.45466691
      2.4000000     -1.2372250      1.4093173  -0.0034544672      8.7981213     0.45465637
      2.4000000     -1.2372865      1.4094631  -0.0039145425      8.7972632     0.45482066
      2.4000000     -1.2373211      1.4094499  -0.0039830440      8.7970118     0.45488928
      2.4000000     -1.2373151      1.4092112  -0.0045245990      8.7951164     0.45490977
      2.4000000     -1.2373301      1.4091657  -0.0047559223      8.7938837     0.45495618
      2.4000000     -1.2373297      1.4093047  -0.0048748161      8.7936395     0.45498329
      2.4000000     -1.2373953      1.4094610  -0.0048618183      8.7909519     0.45514516
      2.4000000     -1.2373582      1.4090249  -0.0043932580      8.7910090     0.45508293
      2.4000000     -1.2373246      1.4088762  -0.0042911789      8.7897834     0.45505656
      2.4000000     -1.2373574      1.4088379  -0.0039456592      8.7878152     0.45511991
      2.4000000     -1.2373718      1.4090088  -0.0036955492      8.7874936     0.45518722
      2.4000000     -1.2373707      1.4087526  -0.0030986915      8.7853387     0.45521117
      2.4000000     -1.2373912      1.4085671  -0.0027245284      8.7829042     0.45525852
      2.4000000     -1.2374318      1.4090345  -0.0026739906      8.7853754     0.45529682
      2.4000000     -1.2373806      1.4087042  -0.0026882947      8.7852194     0.45517565
      2.4000000     -1.2373590      1.4086617  -0.0028918141      8.7879598     0.45507642
      2.4000000     -1.2373548      1.4088747  -0.0030371012      8.7886181     0.45509205
      2.4000000     -1.2373096      1.4087677  -0.0028655466      8.7902288     0.45500643
      2.4000000     -1.2373383      1.4092426  -0.0032319613      8.7919847     0.45505147
      2.4000000     -1.2373399      1.4091695  -0.0036462948      8.7908666     0.45505939
      2.4000000     -1.2373481      1.4093094  -0.0034891815      8.7934203     0.45506863
      2.4000000     -1.2373552      1.4090825  -0.0029593742      8.7903919     0.45510575
      2.4000000     -1.2373844      1.4091743  -0.0037384771      8.7899457     0.45517577
      2.4000000     -1.2373855      1.4091098  -0.0043322759      8.7894722     0.45517963
      2.4000000     -1.2373455      1.4088636  -0.0044009407      8.7887959     0.45508982
      2.4000000     -1.2373977      1.4090402  -0.0040554833      8.7873665     0.45518321
      2.4000000     -1.2373533      1.4086946  -0.0040983444      8.7858612     0.45508500
      2.4000000     -1.2373303      1.4089107  -0.0037234142      8.7899652     0.45500051
      2.4000000     -1.2373498      1.4090270  -0.0033176622      8.7921213     0.45498202
      2.4000000     -1.2373164      1.4088272  -0.0035315075      8.7904044     0.45495129
      2.4000000     -1.2373633      1.4088665  -0.0038317896      8.7886579     0.45504484
      2.4000000     -1.2373360      1.4084150  -0.0034791949      8.7843396     0.45503237
      2.4000000     -1.2372910      1.4084380  -0.0033365890      8.7849102     0.45494773
      2.4000000     -1.2372806      1.4083840  -0.0028662130      8.7852833     0.45492494
      2.4000000     -1.2372720      1.4083226  -0.0030330959      8.7841425     0.45492751
      2.4000000     -1.2372351      1.4080974  -0.0033723971      8.7848273     0.45483891
      2.4000000     -1.2371928      1.4079990  -0.0031989443      8.7867420     0.45473103
      2.4000000     -1.2371652      1.4079602  -0.0031383041      8.7884644     0.45465866
      2.4000000     -1.2371973      1.4078241  -0.0026301662      8.7898552     0.45468973
      2.4000000     -1.2372082      1.4078418  -0.0024523634      8.7905259     0.45468874
      2.4000000     -1.2371814      1.4076543  -0.0024898406      8.7902183     0.45462805
      2.4000000     -1.2371669      1.4072451  -0.0020155390      8.7892366     0.45457709
      2.4000000     -1.2371364      1.4072775  -0.0020977190      8.7916498     0.45448328
      2.4000000     -1.2371608      1.4072953  -0.0020454023      8.7899974     0.45456383
      2.4000000     -1.2371042      1.4070930  -0.0019817135      8.7900483     0.45446293
      2.4000000     -1.2371578      1.4072929  -0.0025822386      8.7917636     0.45454476
      2.4000000     -1.2371577      1.4072867  -0.0027447365      8.7921296     0.45453280
      2.4000000     -1.2371238      1.4072107  -0.0030429020      8.7926926     0.45447115
      2.4000000     -1.2371228      1.4071219  -0.0027940907      8.7907542     0.45449508
      2.4000000     -1.2371572      1.4074119  -0.0027919054      8.7921686     0.45457160
      2.4000000     -1.2371684      1.4073004  -0.0030134859      8.7889652     0.45462963
      2.4000000     -1.2371597      1.4073016  -0.0026906854      8.7893169     0.45461638
      2.4000000     -1.2371767      1.4071343  -0.0027529090      8.7888062     0.45465852
      2.4000000     -1.2371624      1.4072180  -0.0027917207      8.7891117     0.45463556
      2.4000000     -1.2371233      1.4070888  -0.0030581866      8.7905278     0.45451842
      2.4000000     -1.2371087      1.4069920  -0.0032737375      8.7904338     0.45450470
      2.4000000     -1.2371606      1.4072140  -0.0035969903      8.7881876     0.45466079
      2.4000000     -1.2372208      1.4075571  -0.0033582044      8.7883860     0.45478988
      2.4000000     -1.2371960      1.4077583  -0.0034019353      8.7911367     0.45472402
      2.4000000     -1.2372175      1.4078101  -0.0034232981      8.7912166     0.45475648
      2.4000000     -1.2372454      1.4079299  -0.0027184904      8.7904994     0.45483717
      2.4000000     -1.2372316      1.4079758  -0.0025276066      8.7918867     0.45478666
      2.4000000     -1.2372492      1.4079774  -0.0023550940      8.7921601     0.45482716
      2.4000000     -1.2372236      1.4080606  -0.0025569796      8.7943674     0.45474554
      2.4000000     -1.2372438      1.4084972  -0.0026805854      8.7974470     0.45475470
      2.4000000     -1.2372369      1.4082598  -0.0029225378      8.7957447     0.45476148
      2.4000000     -1.2372697      1.4082374  -0.0033206442      8.7940833     0.45484454
      2.4000000     -1.2372842      1.4081890  -0.0032224368      8.7927345     0.45490131
      2.4000000     -1.2372749      1.4084349  -0.0035278365      8.7925754     0.45489176
      2.4000000     -1.2372531      1.4086051  -0.0037864666      8.7945806     0.45482805
      2.4000000     -1.2372115      1.4084149  -0.0039347227      8.7952175     0.45472103
      2.4000000     -1.2372222      1.4084895  -0.0042013670      8.7953830     0.45474783
      2.4000000     -1.2371943      1.4083391  -0.0045758700      8.7942071     0.45468060
      2.4000000     -1.2371893      1.4082830  -0.0044028479      8.7934321     0.45469295
      2.4000000     -1.2371465      1.4083832  -0.0046748931      8.7967029     0.45458268
      2.4000000     -1.2371731      1.4083191  -0.0051496895      8.7933616     0.45465627
      2.4000000     -1.2371438      1.4081588  -0.0048911549      8.7927164     0.45460293
      2.4000000     -1.2371650      1.4081939  -0.0051523665      8.7922526     0.45464554
      2.4000000     -1.2371846      1.4082249  -0.0053262298      8.7920516     0.45470089
      2.4000000     -1.2371842      1.4081613  -0.0057371992      8.7934347     0.45466325
      2.4000000     -1.2372025      1.4084334  -0.0061478623      8.7937633     0.45470381
      2.4000000     -1.2372171      1.4087219  -0.0059181567      8.7955687     0.45473264
      2.4000000     -1.2372074      1.4088612  -0.0054445568      8.7959987     0.45471970
      2.4000000     -1.2371659      1.4086961  -0.0053318647      8.7953562     0.45466642
      2.4000000     -1.2372166      1.4087411  -0.0059892326      8.7943685     0.45478297
      2.4000000     -1.2372260      1.4085801  -0.0050857308      8.7937110     0.45481301
      2.4000000     -1.2371967      1.4085546  -0.0047201023      8.7937407     0.45478263
      2.4000000     -1.2371589      1.4085236  -0.0046127819      8.7937186     0.45469568
      2.4000000     -1.2371956      1.4083167  -0.0049898728      8.7909402     0.45478842
      2.4000000     -1.2372060      1.4082624  -0.0046379277      8.7898956     0.45481580
      2.4000000     -1.2372305      1.4084057  -0.0048387127      8.7907580     0.45485851
      2.4000000     -1.2372048      1.4083036  -0.0049309697      8.7898526     0.45481723
      2.4000000     -1.2371887      1.4083773  -0.0051190277      8.7900948     0.45476855
      2.4000000     -1.2372195      1.4087561  -0.0049397927      8.7919177     0.45481604
      2.4000000     -1.2371924      1.4087269  -0.0046780902      8.7931281     0.45476381
      2.4000000     -1.2371596      1.4086914  -0.0046841650      8.7950822     0.45466048
      2.4000000     -1.2371796      1.4085379  -0.0048827818      8.7949311     0.45470132
      2.4000000     -1.2371745      1.4084333  -0.0045506617      8.7962375     0.45466700
      2.4000000     -1.2372036      1.4083672  -0.0043730496      8.7951539     0.45475087
      2.4000000     -1.2371996      1.4083052  -0.0046959715      8.7951030     0.45474591
      2.4000000     -1.2371949      1.4084855  -0.0039360543      8.7948111     0.45476937
      2.4000000     -1.2371869      1.4085216  -0.0039325419      8.7956393     0.45475423
      2.4000000     -1.2371919      1.4085417  -0.0037087445      8.7946574     0.45479687
      2.4000000     -1.2371795      1.4084066  -0.0039270441      8.7963951     0.45472505
      2.4000000     -1.2371568      1.4084250  -0.0038554548      8.7980309     0.45466211
      2.4000000     -1.2371498      1.4082157  -0.0035932305      8.7984581     0.45464176
      2.4000000     -1.2371296      1.4081907  -0.0035267433      8.7967472     0.45462441
      2.4000000     -1.2371615      1.4081861  -0.0031352100      8.7967065     0.45467336
      2.4000000     -1.2371964      1.4082658  -0.0025831416      8.7966477     0.45474218
      2.4000000     -1.2371722      1.4083977  -0.0027682585      8.7971002     0.45468938
      2.4000000     -1.2371974      1.4085256  -0.0024747566      8.7975446     0.45472952
      2.4000000     -1.2371950      1.4083174  -0.0025035180      8.7969484     0.45472613
      2.4000000     -1.2371879      1.4083497  -0.0025476882      8.7957850     0.45473942
      2.4000000     -1.2371849      1.4084326  -0.0026032596      8.7962073     0.45471813
      2.4000000     -1.2371490      1.4081731  -0.0024177422      8.7955881     0.45463383
      2.4000000     -1.2371492      1.4081334  -0.0018865381      8.7965140     0.45462133
      2.4000000     -1.2371605      1.4079345  -0.0016561793      8.7954960     0.45464853
      2.4000000     -1.2371346      1.4077507  -0.0013979182      8.7959557     0.45458766
      2.4000000     -1.2371181      1.4075675  -0.0014602364      8.7952621     0.45456105
      2.4000000     -1.2371271      1.4074725  -0.0018012134      8.7939438     0.45458105
      2.4000000     -1.2371267      1.4075440  -0.0018071941      8.7936021     0.45457443
      2.4000000     -1.2371320      1.4077970  -0.0017724413      8.7943718     0.45456524
      2.4000000     -1.2371273      1.4075446  -0.0014887365      8.7934170     0.45454376
      2.4000000     -1.2371169      1.4075811  -0.0012796016      8.7922592     0.45453941
      2.4000000     -1.2371214      1.4077764  -0.0014700664      8.7925921     0.45454166
      2.4000000     -1.2371000      1.4077059  -0.0018264081      8.7918466     0.45449245
      2.4000000     -1.2370863      1.4074803  -0.0020252854      8.7908857     0.45447465
      2.4000000     -1.2370759      1.4074913  -0.0017380764      8.7894503     0.45448010
      2.4000000     -1.2371412      1.4077316  -0.0022926547      8.7898957     0.45460915
      2.4000000     -1.2370769      1.4075869  -0.0023310541      8.7897986     0.45448935
      2.4000000     -1.2370191      1.4074199  -0.0026148368      8.7901088     0.45435964
      2.4000000     -1.2370310      1.4075388  -0.0031475894      8.7906158     0.45437701
      2.4000000     -1.2370580      1.4074573  -0.0029668547      8.7909451     0.45442683
      2.4000000     -1.2370434      1.4076740  -0.0026451826      8.7925348     0.45438879
      2.4000000     -1.2370179      1.4074641  -0.0029560182      8.7906217     0.45436898
      2.4000000     -1.2370194      1.4072855  -0.0024450239      8.7903312     0.45436239
      2.4000000     -1.2370477      1.4073043  -0.0026197098      8.7892226     0.45443367
      2.4000000     -1.2370725      1.4075040  -0.0028608507      8.7902173     0.45446131
      2.4000000     -1.2370870      1.4076609  -0.0027575813      8.7913740     0.45447895
      2.4000000     -1.2371080      1.4078097  -0.0028340552      8.7916525     0.45453368
      2.4000000     -1.2370991      1.4077127  -0.0029093180      8.7902123     0.45454604
      2.4000000     -1.2370576      1.4075113  -0.0031786312      8.7892829     0.45446415
      2.4000000     -1.2370385      1.4073076  -0.0027960917      8.7880352     0.45441822
      2.4000000     -1.2370444      1.4072499  -0.0026215703      8.7882384     0.45442477
      2.4000000     -1.2370444      1.4074512  -0.0023139176      8.7890886     0.45443061
      2.4000000     -1.2370162      1.4073300  -0.0027709600      8.7881549     0.45437917
      2.4000000     -1.2370049      1.4072682  -0.0031362882      8.7886310     0.45435374
      2.4000000     -1.2370394      1.4074289  -0.0027520409      8.7871209     0.45444719
      2.4000000     -1.2369850      1.4075165  -0.0030374934      8.7895384     0.45432469
      2.4000000     -1.2369917      1.4075739  -0.0032225892      8.7907070     0.45432429
      2.4000000     -1.2369810      1.4073937  -0.0034739923      8.7913759     0.45428055
      2.4000000     -1.2369803      1.4074576  -0.0035119232      8.7917451     0.45428470
      2.4000000     -1.2369508      1.4076741  -0.0033394540      8.7948793     0.45420287
      2.4000000     -1.2369631      1.4077079  -0.0036190273      8.7938798     0.45423871
      2.4000000     -1.2369426      1.4076531  -0.0032331013      8.7931767     0.45422365
      2.4000000     -1.2369139      1.4076601  -0.0028899739      8.7959867     0.45413485
      2.4000000     -1.2368925      1.4074690  -0.0025578330      8.7952322     0.45410268
      2.4000000     -1.2369089      1.4075375  -0.0024794610      8.7946813     0.45414093
      2.4000000     -1.2369225      1.4074206  -0.0026888024      8.7928965     0.45419345
      2.4000000     -1.2369268      1.4074670  -0.0027516950      8.7924281     0.45420906
      2.4000000     -1.2369160      1.4074827  -0.0030170882      8.7927186     0.45420354
      2.4000000     -1.2369285      1.4073926  -0.0031863240      8.7929211     0.45422319
      2.4000000     -1.2369249      1.4075658  -0.0033873223      8.7942885     0.45420437
      2.4000000     -1.2369091      1.4072622  -0.0034624295      8.7932512     0.45418174
      2.4000000     -1.2369157      1.4071880  -0.0033329083      8.7921003     0.45422049
      2.4000000     -1.2369339      1.4072717  -0.0033290681      8.7919833     0.45425393
      2.4000000     -1.2369326      1.4074128  -0.0030199904      8.7939653     0.45423389
      2.4000000     -1.2369950      1.4078035  -0.0027375720      8.7947506     0.45436482
      2.4000000     -1.2370032      1.4079925  -0.0026357389      8.7945416     0.45439231
      2.4000000     -1.2369990      1.4081041  -0.0025372152      8.7950041     0.45438512
      2.4000000     -1.2369666      1.4079988  -0.0027527926      8.7951276     0.45432089
      2.4000000     -1.2369671      1.4081685  -0.0025644611      8.7967715     0.45428887
      2.4000000     -1.2370175      1.4082972  -0.0029860618      8.7970021     0.45438424
      2.4000000     -1.2370438      1.4083988  -0.0028103692      8.7958469     0.45444324
      2.4000000     -1.2370059      1.4084396  -0.0028298299      8.7986073     0.45433319
      2.4000000     -1.2369760      1.4083774  -0.0026130927      8.7984085     0.45428200
      2.4000000     -1.2369483      1.4081997  -0.0025677557      8.7979580     0.45424629
      2.4000000     -1.2369698      1.4082279  -0.0027433973      8.7966245     0.45431618
      2.4000000     -1.2369552      1.4081365  -0.0024965104      8.7978132     0.45427221
      2.4000000     -1.2369461      1.4081291  -0.0026876808      8.7972409     0.45425400
      2.4000000     -1.2369847      1.4082592  -0.0025433608      8.7962659     0.45433208
      2.4000000     -1.2369683      1.4081629  -0.0024272078      8.7966951     0.45428566
      2.4000000     -1.2369791      1.4081177  -0.0017894949      8.7964168     0.45432830
      2.4000000     -1.2369989      1.4082383  -0.0018211639      8.7971230     0.45435896
      2.4000000     -1.2370426      1.4084753  -0.0021838476      8.7971213     0.45444854
      2.4000000     -1.2370486      1.4084481  -0.0023842908      8.7979786     0.45444363
      2.4000000     -1.2370534      1.4085572  -0.0021810010      8.7974691     0.45446975
      2.4000000     -1.2370459      1.4085571  -0.0021094411      8.7978797     0.45445178
      2.4000000     -1.2370560      1.4084962  -0.0019511004      8.7971678     0.45449481
      2.4000000     -1.2370922      1.4087537  -0.0022312955      8.7966491     0.45458102
      2.4000000     -1.2371093      1.4087446  -0.0020560010      8.7960531     0.45462225
      2.4000000     -1.2371205      1.4087130  -0.0019690988      8.7972116     0.45462160
      2.4000000     -1.2371389      1.4087412  -0.0021225654      8.7970107     0.45467442
      2.4000000     -1.2371010      1.4086271  -0.0020325894      8.7978666     0.45457460
      2.4000000     -1.2371026      1.4086158  -0.0015580150      8.7982899     0.45457807
      2.4000000     -1.2371002      1.4086975  -0.0018575370      8.7976681     0.45457039
      2.4000000     -1.2371111      1.4087119  -0.0014755110      8.7968799     0.45461543
      2.4000000     -1.2371056      1.4087304  -0.0014601076      8.7959098     0.45461844
      2.4000000     -1.2371209      1.4088078  -0.0015103807      8.7953879     0.45465754
      2.4000000     -1.2371370      1.4089874  -0.0016018452      8.7949152     0.45468048
      2.4000000     -1.2371330      1.4089096  -0.0017093386      8.7950971     0.45465252
      2.4000000     -1.2371170      1.4086496  -0.0016431166      8.7948088     0.45460047
      2.4000000     -1.2371322      1.4086060  -0.0017338432      8.7946062     0.45463029
      2.4000000     -1.2371477      1.4085462  -0.0017715620      8.7940230     0.45466658
      2.4000000     -1.2371198      1.4083866  -0.0017257456      8.7934058     0.45461930
      2.4000000     -1.2370981      1.4082698  -0.0019640716      8.7942194     0.45455788
      2.4000000     -1.2371057      1.4082663  -0.0018539667      8.7944493     0.45456726
      2.4000000     -1.2371634      1.4085132  -0.0016241455      8.7934100     0.45469425
      2.4000000     -1.2371363      1.4084913  -0.0014693558      8.7941747     0.45463417
      2.4000000     -1.2371469      1.4084195  -0.0016996031      8.7931985     0.45466235
      2.4000000     -1.2371407      1.4084160  -0.0014709544      8.7930770     0.45464551
      2.4000000     -1.2371325      1.4087114  -0.0016519884      8.7951110     0.45461053
      2.4000000     -1.2371176      1.4087626  -0.0017154516      8.7960857     0.45457902
      2.4000000     -1.2370926      1.4086062  -0.0017544402      8.7958122     0.45453089
      2.4000000     -1.2371180      1.4087453  -0.0017448873      8.7961286     0.45458674
      2.4000000     -1.2371368      1.4089040  -0.0016144904      8.7966661     0.45461447
      2.4000000     -1.2371191      1.4087918  -0.0017785902      8.7966266     0.45456568
      2.4000000     -1.2371309      1.4089120  -0.0016270508      8.7960833     0.45459967
      2.4000000     -1.2371179      1.4089697  -0.0015157218      8.7962907     0.45456924
      2.4000000     -1.2371103      1.4090025  -0.0017767405      8.7960693     0.45457468
      2.4000000     -1.2370933      1.4088203  -0.0015985067      8.7944190     0.45455999
      2.4000000     -1.2370600      1.4085577  -0.0014991540      8.7940925     0.45448035
      2.4000000     -1.2370387      1.4085627  -0.0014524231      8.7941643     0.45443923
      2.4000000     -1.2370366      1.4084700  -0.0013255104      8.7920216     0.45446635
      2.4000000     -1.2369946      1.4085202  -0.0013257250      8.7941944     0.45437354
      2.4000000     -1.2369753      1.4083474  -0.0012510028      8.7932775     0.45433981
      2.4000000     -1.2369937      1.4082984  -0.0010011911      8.7921736     0.45439318
      2.4000000     -1.2369699      1.4082236 -0.00099129793      8.7921807     0.45434610
      2.4000000     -1.2369709      1.4082678 -0.00091209193      8.7927057     0.45434529
      2.4000000     -1.2369755      1.4081202 -0.00072971723      8.7919505     0.45434990
      2.4000000     -1.2369595      1.4079217  -0.0010873682      8.7912287     0.45433884
      2.4000000     -1.2369653      1.4077624 -0.00065375466      8.7897331     0.45437027
      2.4000000     -1.2369431      1.4074180 -0.00087102793      8.7883589     0.45432508
      2.4000000     -1.2369584      1.4075368  -0.0011460390      8.7899158     0.45435867
      2.4000000     -1.2369788      1.4075308  -0.0011976280      8.7904913     0.45439595
      2.4000000     -1.2369534      1.4074944  -0.0010584889      8.7911606     0.45434931
      2.4000000     -1.2369721      1.4077386  -0.0012499482      8.7915928     0.45437583
      2.4000000     -1.2369696      1.4076915  -0.0013349622      8.7922941     0.45436912
      2.4000000     -1.2369378      1.4075263  -0.0012965801      8.7927663     0.45429370
      2.4000000     -1.2369351      1.4075283 -0.00087170037      8.7936992     0.45427338
      2.4000000     -1.2369397      1.4074959 -0.00075004128      8.7936392     0.45427685
      2.4000000     -1.2369194      1.4074014 -0.00067378846      8.7924416     0.45425239
      2.4000000     -1.2369152      1.4074341 -0.00071987569      8.7948306     0.45421807
      2.4000000     -1.2369168      1.4074574 -0.00037825547      8.7950296     0.45420562
      2.4000000     -1.2369144      1.4074164 -0.00020860291      8.7953867     0.45419036
      2.4000000     -1.2369070      1.4073169 -0.00032120455      8.7941808     0.45419063
      2.4000000     -1.2369219      1.4073016 -0.00059075045      8.7939582     0.45422355
      2.4000000     -1.2369077      1.4070393 -0.00039083333      8.7935336     0.45418611
      2.4000000     -1.2369207      1.4071314 -0.00011282731      8.7936520     0.45422296
      2.4000000     -1.2369131      1.4071978  0.00028733574      8.7924405     0.45422193
      2.4000000     -1.2369241      1.4072507 -0.00016713784      8.7923756     0.45424919
      2.4000000     -1.2368901      1.4070533 -0.00023260252      8.7915155     0.45420033
      2.4000000     -1.2368978      1.4072381 -0.00012403680      8.7924545     0.45420828
      2.4000000     -1.2368870      1.4071698 -0.00017089427      8.7922541     0.45419513
      2.4000000     -1.2369218      1.4073820 -0.00045839714      8.7922335     0.45428199
      2.4000000     -1.2369156      1.4074687 -0.00019934554      8.7931323     0.45426458
      2.4000000     -1.2369223      1.4074399 -0.00037712923      8.7932694     0.45426936
      2.4000000     -1.2369263      1.4074976 -0.00040690036      8.7927663     0.45429562
      2.4000000     -1.2369206      1.4074775 -0.00076537389      8.7929372     0.45428163
      2.4000000     -1.2369076      1.4075290 -0.00066423050      8.7937090     0.45425394
      2.4000000     -1.2369245      1.4075995 -0.00095970619      8.7939681     0.45429124
      2.4000000     -1.2369458      1.4076698 -0.00099257951      8.7940131     0.45433486
      2.4000000     -1.2369602      1.4077029  -0.0011745582      8.7933847     0.45438117
      2.4000000     -1.2369538      1.4076215  -0.0010577623      8.7938217     0.45435887
      2.4000000     -1.2369776      1.4077299  -0.0010583779      8.7936253     0.45441926
      2.4000000     -1.2369354      1.4074950  -0.0010736702      8.7926398     0.45435717
      2.4000000     -1.2369269      1.4074564 -0.00084195709      8.7926327     0.45434307
      2.4000000     -1.2369267      1.4074478 -0.00094153584      8.7928484     0.45432726
      2.4000000     -1.2369519      1.4074806 -0.00078199302      8.7932932     0.45438721
      2.4000000     -1.2369737      1.4075707 -0.00084546167      8.7937554     0.45444381
      2.4000000     -1.2370075      1.4077877  -0.0010008183      8.7942331     0.45450519
      2.4000000     -1.2370257      1.4078013  -0.0010225964      8.7940516     0.45454770
      2.4000000     -1.2370133      1.4077149  -0.0012412652      8.7939965     0.45452576
      2.4000000     -1.2370057      1.4077521  -0.0015281427      8.7944380     0.45450297
      2.4000000     -1.2370403      1.4076877  -0.0014103610      8.7937338     0.45457357
      2.4000000     -1.2370575      1.4076100  -0.0020741371      8.7932296     0.45459747
      2.4000000     -1.2370714      1.4075525  -0.0018071239      8.7923949     0.45462499
      2.4000000     -1.2370811      1.4076363  -0.0017579184      8.7907285     0.45468260
      2.4000000     -1.2370644      1.4075349  -0.0019626209      8.7900255     0.45466461
      2.4000000     -1.2370641      1.4075153  -0.0020228476      8.7896244     0.45467015
      2.4000000     -1.2370624      1.4075734  -0.0019206641      8.7894042     0.45468422
      2.4000000     -1.2370588      1.4074862  -0.0018791468      8.7901655     0.45465520
      2.4000000     -1.2370305      1.4073689  -0.0021825503      8.7903468     0.45460381
      2.4000000     -1.2370355      1.4073723  -0.0022285468      8.7905144     0.45460308
      2.4000000     -1.2370226      1.4072519  -0.0022174160      8.7899988     0.45458016
      2.4000000     -1.2370207      1.4072839  -0.0024261983      8.7902434     0.45457730
      2.4000000     -1.2370251      1.4072054  -0.0025510651      8.7898839     0.45458404
      2.4000000     -1.2370062      1.4070709  -0.0026649451      8.7889852     0.45456007
      2.4000000     -1.2370092      1.4072514  -0.0026484747      8.7898981     0.45456402
      2.4000000     -1.2370040      1.4072162  -0.0026386944      8.7912529     0.45453338
      2.4000000     -1.2369898      1.4071272  -0.0025195445      8.7917461     0.45451072
      2.4000000     -1.2370021      1.4072772  -0.0026098289      8.7931231     0.45451897
      2.4000000     -1.2369875      1.4071376  -0.0024333719      8.7925867     0.45449255
      2.4000000     -1.2370037      1.4072472  -0.0024316597      8.7921798     0.45453185
      2.4000000     -1.2369974      1.4073228  -0.0026463781      8.7922873     0.45450847
      2.4000000     -1.2370059      1.4074128  -0.0024686642      8.7937634     0.45450515
      2.4000000     -1.2370294      1.4073641  -0.0026777488      8.7921798     0.45457030
      2.4000000     -1.2370216      1.4073712  -0.0024294028      8.7923316     0.45456710
      2.4000000     -1.2370491      1.4075170  -0.0026787803      8.7926259     0.45461634
      2.4000000     -1.2370277      1.4075559  -0.0025817442      8.7943829     0.45455144
      2.4000000     -1.2370033      1.4074640  -0.0026355926      8.7943851     0.45449226
      2.4000000     -1.2370166      1.4073838  -0.0025851675      8.7927793     0.45453895
      2.4000000     -1.2370233      1.4074016  -0.0026690272      8.7923713     0.45455461
      2.4000000     -1.2369959      1.4072883  -0.0027624342      8.7927423     0.45449123
      2.4000000     -1.2369887      1.4072990  -0.0028389663      8.7922920     0.45447689
      2.4000000     -1.2369808      1.4071135  -0.0028360254      8.7910958     0.45447786
      2.4000000     -1.2369664      1.4070313  -0.0025733020      8.7912400     0.45444321
      2.4000000     -1.2369924      1.4070781  -0.0028227271      8.7906870     0.45449016
      2.4000000     -1.2370319      1.4072027  -0.0028380856      8.7904520     0.45456519
      2.4000000     -1.2370549      1.4072736  -0.0028840855      8.7891909     0.45462418
      2.4000000     -1.2370699      1.4073620  -0.0029666569      8.7894950     0.45465334
      2.4000000     -1.2370520      1.4072378  -0.0027378969      8.7883691     0.45462050
      2.4000000     -1.2370380      1.4072534  -0.0028384417      8.7882078     0.45460208
      2.4000000     -1.2370529      1.4074961  -0.0030027961      8.7896776     0.45461329
      2.4000000     -1.2370461      1.4075224  -0.0032098239      8.7898831     0.45460877
      2.4000000     -1.2370366      1.4074690  -0.0030360347      8.7901170     0.45458070
      2.4000000     -1.2370256      1.4074322  -0.0029137069      8.7897465     0.45456537
      2.4000000     -1.2370115      1.4074084  -0.0033114928      8.7904780     0.45453763
      2.4000000     -1.2369945      1.4073794  -0.0033907897      8.7917936     0.45448067
      2.4000000     -1.2370050      1.4074589  -0.0035130753      8.7918575     0.45450268
      2.4000000     -1.2369917      1.4072471  -0.0036257768      8.7914180     0.45446538
      2.4000000     -1.2369760      1.4072360  -0.0035984673      8.7918588     0.45442505
      2.4000000     -1.2369574      1.4071880  -0.0035982081      8.7919891     0.45439394
      2.4000000     -1.2369723      1.4073135  -0.0035571561      8.7936148     0.45440813
      2.4000000     -1.2369912      1.4073059  -0.0033981590      8.7930783     0.45444850
      2.4000000     -1.2369994      1.4073362  -0.0032999063      8.7943596     0.45445277
      2.4000000     -1.2369835      1.4073457  -0.0034974017      8.7949022     0.45441357
      2.4000000     -1.2369963      1.4075045  -0.0033549960      8.7955582     0.45443204
      2.4000000     -1.2370004      1.4076300  -0.0033965671      8.7967869     0.45443615
      2.4000000     -1.2369918      1.4074733  -0.0034160844      8.7958327     0.45441748
      2.4000000     -1.2369811      1.4074409  -0.0035851969      8.7967719     0.45438124
      2.4000000     -1.2369466      1.4073539  -0.0036159017      8.7973143     0.45430548
      2.4000000     -1.2369350      1.4071924  -0.0035268901      8.7968168     0.45430746
      2.4000000     -1.2369505      1.4072633  -0.0030753629      8.7962010     0.45434083
      2.4000000     -1.2369279      1.4071130  -0.0030316729      8.7960753     0.45428773
      2.4000000     -1.2369290      1.4071298  -0.0033042594      8.7972030     0.45427611
      2.4000000     -1.2369132      1.4070402  -0.0031779243      8.7966000     0.45424680
      2.4000000     -1.2369253      1.4070481  -0.0031485849      8.7958703     0.45426780
      2.4000000     -1.2369047      1.4068661  -0.0034497154      8.7945805     0.45424784
      2.4000000     -1.2368880      1.4068370  -0.0035186778      8.7956803     0.45419682
      2.4000000     -1.2368862      1.4067588  -0.0034928271      8.7955345     0.45419154
      2.4000000     -1.2369191      1.4068663  -0.0035683498      8.7954894     0.45425555
      2.4000000     -1.2369029      1.4068069  -0.0034383091      8.7945379     0.45423353
      2.4000000     -1.2368689      1.4067819  -0.0033968102      8.7960179     0.45414532
      2.4000000     -1.2368624      1.4069643  -0.0031962843      8.7979320     0.45411437
      2.4000000     -1.2368724      1.4069594  -0.0030455700      8.7974799     0.45413352
      2.4000000     -1.2368599      1.4068411  -0.0030961260      8.7982319     0.45409034
      2.4000000     -1.2368946      1.4069481  -0.0029998765      8.7973494     0.45417314
      2.4000000     -1.2369131      1.4069369  -0.0031196508      8.7966931     0.45421204
      2.4000000     -1.2368895      1.4068856  -0.0030979167      8.7971498     0.45416525
      2.4000000     -1.2368685      1.4069131  -0.0029600901      8.7964296     0.45412871
      2.4000000     -1.2368375      1.4067366  -0.0031510595      8.7963027     0.45406648
      2.4000000     -1.2368569      1.4068754  -0.0030726979      8.7967322     0.45410412
      2.4000000     -1.2368633      1.4068954  -0.0031270745      8.7967891     0.45412078
      2.4000000     -1.2368909      1.4069888  -0.0031020235      8.7971510     0.45416405
      2.4000000     -1.2368838      1.4070568  -0.0030745470      8.7968959     0.45416255
      2.4000000     -1.2368769      1.4070510  -0.0031758419      8.7972819     0.45414120
      2.4000000     -1.2368824      1.4070847  -0.0031494056      8.7965019     0.45416777
      2.4000000     -1.2368888      1.4070524  -0.0032819510      8.7964343     0.45417109
      2.4000000     -1.2368971      1.4070171  -0.0032943464      8.7960665     0.45418831
      2.4000000     -1.2368875      1.4071139  -0.0032427030      8.7972889     0.45414812
      2.4000000     -1.2368967      1.4071256  -0.0031780676      8.7971691     0.45417536
      2.4000000     -1.2369079      1.4071526  -0.0032288148      8.7982446     0.45418054
      2.4000000     -1.2368908      1.4070230  -0.0035558091      8.7985972     0.45414686
      2.4000000     -1.2368925      1.4070076  -0.0034291854      8.7978582     0.45416911
      2.4000000     -1.2368959      1.4069300  -0.0035780127      8.7973415     0.45418057
      2.4000000     -1.2369113      1.4069877  -0.0033763219      8.7978384     0.45420560
      2.4000000     -1.2369008      1.4070898  -0.0033186228      8.7986357     0.45417701
      2.4000000     -1.2369409      1.4072354  -0.0032595319      8.7979432     0.45426338
      2.4000000     -1.2369328      1.4072454  -0.0033803628      8.7983429     0.45424556
      2.4000000     -1.2369355      1.4071096  -0.0033945511      8.7986716     0.45424319
      2.4000000     -1.2369305      1.4070409  -0.0033203609      8.7993510     0.45422454
      2.4000000     -1.2369336      1.4069618  -0.0031874771      8.7985881     0.45425060
      2.4000000     -1.2369150      1.4069010  -0.0034557898      8.7989924     0.45419508
      2.4000000     -1.2369539      1.4070897  -0.0036032297      8.7987385     0.45427715
      2.4000000     -1.2369617      1.4070381  -0.0036433228      8.7983042     0.45430513
      2.4000000     -1.2369710      1.4070671  -0.0036428062      8.7982442     0.45432748
      2.4000000     -1.2369583      1.4070943  -0.0033220440      8.7992744     0.45429206
      2.4000000     -1.2369571      1.4070992  -0.0031916750      8.7985719     0.45429861
      2.4000000     -1.2369784      1.4071326  -0.0031587558      8.7976863     0.45434869
      2.4000000     -1.2369986      1.4072394  -0.0031485978      8.7973139     0.45439495
      2.4000000     -1.2369979      1.4073427  -0.0031558746      8.7984162     0.45439657
      2.4000000     -1.2369791      1.4074413  -0.0033931594      8.7993562     0.45436130
      2.4000000     -1.2369971      1.4074282  -0.0032659702      8.7987872     0.45441087
      2.4000000     -1.2369968      1.4073714  -0.0035790900      8.7982916     0.45440717
      2.4000000     -1.2369704      1.4072040  -0.0032067957      8.7983420     0.45434234
      2.4000000     -1.2369721      1.4071371  -0.0030769841      8.7982883     0.45435443
      2.4000000     -1.2369584      1.4069892  -0.0031994025      8.7989783     0.45430620
      2.4000000     -1.2369614      1.4070089  -0.0031552266      8.7995668     0.45430566
      2.4000000     -1.2369824      1.4071045  -0.0032831960      8.7989157     0.45435732
      2.4000000     -1.2369736      1.4070248  -0.0030937525      8.7987714     0.45434365
      2.4000000     -1.2369642      1.4070170  -0.0028619145      8.7990399     0.45432168
      2.4000000     -1.2369785      1.4070263  -0.0029397152      8.7989368     0.45434921
      2.4000000     -1.2369883      1.4070117  -0.0027915623      8.7976451     0.45438237
      2.4000000     -1.2369962      1.4069333  -0.0024510515      8.7966496     0.45441041
      2.4000000     -1.2370012      1.4068643  -0.0022040700      8.7965745     0.45441019
      2.4000000     -1.2370106      1.4067201  -0.0022677090      8.7967961     0.45441716
      2.4000000     -1.2369866      1.4065545  -0.0024400014      8.7964935     0.45437116
      2.4000000     -1.2369717      1.4065458  -0.0024271465      8.7970748     0.45433612
      2.4000000     -1.2369648      1.4065321  -0.0023649730      8.7971402     0.45432874
      2.4000000     -1.2369873      1.4067067  -0.0023390539      8.7979326     0.45436079
      2.4000000     -1.2369861      1.4067962  -0.0022579008      8.7978941     0.45436217
      2.4000000     -1.2369674      1.4067862  -0.0024913635      8.7986953     0.45432379
      2.4000000     -1.2369434      1.4067201  -0.0021777606      8.7986590     0.45427132
      2.4000000     -1.2369467      1.4066741  -0.0018479365      8.7989346     0.45427036
      2.4000000     -1.2369402      1.4066946  -0.0018589049      8.7989961     0.45425392
      2.4000000     -1.2369443      1.4066994  -0.0018824480      8.7984185     0.45428492
      2.4000000     -1.2369646      1.4068477  -0.0020503539      8.7992637     0.45430551
      2.4000000     -1.2369647      1.4068593  -0.0019228008      8.7993248     0.45430230
      2.4000000     -1.2369423      1.4067702  -0.0019366008      8.7993123     0.45425550
      2.4000000     -1.2369410      1.4067765  -0.0017366951      8.7996208     0.45425295
      2.4000000     -1.2369482      1.4067638  -0.0019247849      8.7991973     0.45427858
      2.4000000     -1.2369407      1.4067542  -0.0020589714      8.7993806     0.45426431
      2.4000000     -1.2369435      1.4067077  -0.0018348962      8.7990655     0.45427702
      2.4000000     -1.2369653      1.4067713  -0.0016981558      8.7984392     0.45433786
      2.4000000     -1.2369765      1.4067668  -0.0013784264      8.7976363     0.45436902
      2.4000000     -1.2369921      1.4066676  -0.0012044445      8.7970392     0.45440159
      2.4000000     -1.2370180      1.4067491  -0.0010968989      8.7973845     0.45445370
      2.4000000     -1.2370019      1.4066897 -0.00089272199      8.7983518     0.45441449
      2.4000000     -1.2370264      1.4066064 -0.00072390262      8.7975631     0.45446025
      2.4000000     -1.2370373      1.4065046 -0.00074604759      8.7967936     0.45448702
      2.4000000     -1.2370387      1.4066407 -0.00084657782      8.7974340     0.45448866
      2.4000000     -1.2370471      1.4065413 -0.00074213961      8.7968410     0.45451180
      2.4000000     -1.2370451      1.4065393 -0.00064623146      8.7969164     0.45450910
      2.4000000     -1.2370574      1.4065258 -0.00054294444      8.7961936     0.45453962
      2.4000000     -1.2370594      1.4065819 -0.00037353973      8.7966772     0.45454098
      2.4000000     -1.2370794      1.4066845 -0.00035803488      8.7970809     0.45457584
      2.4000000     -1.2370691      1.4066156 -0.00037886407      8.7971938     0.45455057
      2.4000000     -1.2371071      1.4069235 -0.00038580286      8.7979983     0.45462006
      2.4000000     -1.2370866      1.4068691 -0.00044182902      8.7986764     0.45456847
      2.4000000     -1.2370780      1.4068857 -0.00040577551      8.7990178     0.45454112
      2.4000000     -1.2370756      1.4068774 -0.00059078940      8.7989545     0.45455328
      2.4000000     -1.2371037      1.4068694 -0.00073247354      8.7975844     0.45461360
      2.4000000     -1.2371028      1.4070132 -0.00050965176      8.7979985     0.45460801
      2.4000000     -1.2371062      1.4071207 -0.00067155210      8.7986432     0.45461719
      2.4000000     -1.2371048      1.4071991 -0.00099845270      8.7986842     0.45462147
      2.4000000     -1.2371144      1.4071056 -0.00098620108      8.7979618     0.45464173
      2.4000000     -1.2371137      1.4070149 -0.00078654111      8.7980663     0.45463631
      2.4000000     -1.2370837      1.4069328 -0.00066487820      8.7980589     0.45458396
      2.4000000     -1.2370911      1.4068428 -0.00070169825      8.7978491     0.45459727
      2.4000000     -1.2370857      1.4068650 -0.00047868322      8.7989800     0.45456808
      2.4000000     -1.2371121      1.4070009 -0.00081133378      8.7983268     0.45463727
      2.4000000     -1.2371063      1.4069279 -0.00074053414      8.7987029     0.45461998
      2.4000000     -1.2371181      1.4070571 -0.00073391310      8.7988164     0.45464723
      2.4000000     -1.2371288      1.4071798 -0.00055399332      8.7988548     0.45466958
      2.4000000     -1.2371424      1.4072171 -0.00060353067      8.7984097     0.45471028
      2.4000000     -1.2371328      1.4073743 -0.00070048269      8.7990604     0.45469006
      2.4000000     -1.2371315      1.4073399  -0.0010596489      8.7993526     0.45468338
      2.4000000     -1.2371479      1.4072660  -0.0010074190      8.7983708     0.45471932
      2.4000000     -1.2371372      1.4071675 -0.00093747546      8.7972765     0.45472175
      2.4000000     -1.2371337      1.4071349 -0.00079082318      8.7974281     0.45471190
      2.4000000     -1.2371393      1.4070893 -0.00073226323      8.7969788     0.45472930
      2.4000000     -1.2371350      1.4070903 -0.00040452576      8.7972461     0.45472059
      2.4000000     -1.2371515      1.4072944 -0.00042675858      8.7981768     0.45474765
      2.4000000     -1.2371464      1.4072857 -0.00065103228      8.7980649     0.45473521
      2.4000000     -1.2371300      1.4072439 -0.00065207105      8.7979806     0.45469869
      2.4000000     -1.2371300      1.4073481 -0.00090514060      8.7989223     0.45469133
      2.4000000     -1.2371257      1.4074109 -0.00066697441      8.7991218     0.45467712
      2.4000000     -1.2371320      1.4074584 -0.00089295544      8.7988807     0.45469864
      2.4000000     -1.2371254      1.4073459 -0.00099786976      8.7981884     0.45468877
      2.4000000     -1.2371343      1.4073603  -0.0011049327      8.7980729     0.45471578
      2.4000000     -1.2371283      1.4073018  -0.0010151697      8.7982380     0.45469150
      2.4000000     -1.2371471      1.4074148  -0.0011673077      8.7979768     0.45474509
      2.4000000     -1.2371586      1.4073655 -0.00092041602      8.7969210     0.45478804
      2.4000000     -1.2371494      1.4074953  -0.0010168979      8.7979376     0.45476032
      2.4000000     -1.2371446      1.4074974 -0.00095046364      8.7986962     0.45473793
      2.4000000     -1.2371451      1.4075194 -0.00091754994      8.7989206     0.45472984
      2.4000000     -1.2371404      1.4074373 -0.00086210104      8.7988729     0.45471484
      2.4000000     -1.2371526      1.4074447 -0.00075784799      8.7982147     0.45474355
      2.4000000     -1.2371464      1.4074107 -0.00074536434      8.7986368     0.45471776
      2.4000000     -1.2371457      1.4074647 -0.00082787935      8.7990351     0.45472425
      2.4000000     -1.2371440      1.4074012 -0.00068734085      8.7989347     0.45472217
      2.4000000     -1.2371563      1.4074310 -0.00081658623      8.7992563     0.45473824
      2.4000000     -1.2371522      1.4073367 -0.00081470951      8.7987047     0.45473795
      2.4000000     -1.2371515      1.4072654 -0.00063568164      8.7984806     0.45473986
      2.4000000     -1.2371662      1.4072878 -0.00064394551      8.7973190     0.45478349
      2.4000000     -1.2371658      1.4074118 -0.00074256786      8.7975506     0.45478673
      2.4000000     -1.2371746      1.4073555 -0.00083899936      8.7968966     0.45481016
      2.4000000     -1.2371740      1.4073824 -0.00087758174      8.7960397     0.45482299
      2.4000000     -1.2371794      1.4073143 -0.00086232844      8.7947651     0.45484638
      2.4000000     -1.2371809      1.4073886 -0.00050619363      8.7949514     0.45484095
      2.4000000     -1.2372011      1.4074042 -0.00066748919      8.7942513     0.45488993
      2.4000000     -1.2371888      1.4073105 -0.00048098030      8.7932794     0.45487371
      2.4000000     -1.2371781      1.4073163 -0.00054538959      8.7926723     0.45485013
      2.4000000     -1.2371742      1.4074103 -0.00056791572      8.7937827     0.45482458
      2.4000000     -1.2371840      1.4073696 -0.00074343418      8.7925987     0.45485825
      2.4000000     -1.2371965      1.4075129  -0.0011085759      8.7927423     0.45488163
      2.4000000     -1.2372148      1.4075249 -0.00098383207      8.7913879     0.45493665
      2.4000000     -1.2372355      1.4075375  -0.0010742024      8.7904598     0.45498361
      2.4000000     -1.2372214      1.4075710  -0.0010989798      8.7908274     0.45494603
      2.4000000     -1.2372301      1.4075431  -0.0011328698      8.7906320     0.45496064
      2.4000000     -1.2372162      1.4074632 -0.00098453329      8.7906369     0.45493292
      2.4000000     -1.2372190      1.4074818 -0.00098829737      8.7909057     0.45492916
      2.4000000     -1.2372241      1.4075380 -0.00088864474      8.7906153     0.45494556
      2.4000000     -1.2372218      1.4075864 -0.00097582353      8.7915746     0.45493171
      2.4000000     -1.2372329      1.4077566  -0.0012413825      8.7921031     0.45495858
      2.4000000     -1.2372586      1.4077990  -0.0012582054      8.7915348     0.45502280
      2.4000000     -1.2372631      1.4077907  -0.0012472600      8.7914569     0.45502404
      2.4000000     -1.2372567      1.4078117  -0.0013525866      8.7920976     0.45500170
      2.4000000     -1.2372583      1.4076904  -0.0014216449      8.7905974     0.45502033
      2.4000000     -1.2372555      1.4075960  -0.0011924814      8.7893428     0.45502597
      2.4000000     -1.2372460      1.4075244  -0.0013108275      8.7895015     0.45500157
      2.4000000     -1.2372343      1.4073705  -0.0012845105      8.7885297     0.45498913
      2.4000000     -1.2372318      1.4074086  -0.0013419734      8.7890137     0.45497939
      2.4000000     -1.2372308      1.4074044  -0.0014559864      8.7892048     0.45497905
      2.4000000     -1.2372486      1.4075420  -0.0014070772      8.7890337     0.45501014
      2.4000000     -1.2372483      1.4075203  -0.0014325376      8.7892442     0.45501153
      2.4000000     -1.2372604      1.4075828  -0.0010863787      8.7895465     0.45503097
      2.4000000     -1.2372628      1.4075960  -0.0013883825      8.7892334     0.45504199
      2.4000000     -1.2372745      1.4076720  -0.0013314103      8.7894575     0.45506170
      2.4000000     -1.2372830      1.4075992  -0.0013004067      8.7891141     0.45507178
      2.4000000     -1.2372830      1.4075189  -0.0015239044      8.7887005     0.45506760
      2.4000000     -1.2372824      1.4075701  -0.0016896689      8.7890948     0.45505831
      2.4000000     -1.2372559      1.4075261  -0.0018080067      8.7900654     0.45500228
      2.4000000     -1.2372874      1.4076021  -0.0014921764      8.7897628     0.45507087
      2.4000000     -1.2372764      1.4075635  -0.0016421323      8.7899479     0.45503742
      2.4000000     -1.2372663      1.4075660  -0.0014114927      8.7903583     0.45501797
      2.4000000     -1.2372563      1.4074902  -0.0012247981      8.7900735     0.45499426
      2.4000000     -1.2372724      1.4076022  -0.0012307515      8.7904074     0.45501766
      2.4000000     -1.2372608      1.4075892  -0.0012768313      8.7912966     0.45498776
      2.4000000     -1.2372631      1.4077146  -0.0012960333      8.7918217     0.45499293
      2.4000000     -1.2372452      1.4076998  -0.0012334050      8.7935572     0.45493215
      2.4000000     -1.2372654      1.4078260  -0.0012079335      8.7931954     0.45498158
      2.4000000     -1.2372800      1.4078671  -0.0015625248      8.7933959     0.45500346
      2.4000000     -1.2372779      1.4079429  -0.0017746634      8.7944059     0.45498192
      2.4000000     -1.2372936      1.4080019  -0.0019980398      8.7946136     0.45500640
      2.4000000     -1.2373048      1.4080199  -0.0020796895      8.7950702     0.45501738
      2.4000000     -1.2373166      1.4080801  -0.0023127200      8.7953033     0.45503675
      2.4000000     -1.2373218      1.4080885  -0.0025682779      8.7954275     0.45504033
      2.4000000     -1.2373006      1.4080000  -0.0024399586      8.7959693     0.45498864
      2.4000000     -1.2373100      1.4080215  -0.0026862617      8.7958200     0.45501955
      2.4000000     -1.2373086      1.4079947  -0.0027245472      8.7954314     0.45502851
      2.4000000     -1.2373010      1.4080806  -0.0027100078      8.7958397     0.45500772
      2.4000000     -1.2373038      1.4081288  -0.0026289093      8.7960147     0.45501502
      2.4000000     -1.2373074      1.4081504  -0.0026569857      8.7958801     0.45502255
      2.4000000     -1.2373333      1.4081825  -0.0028726161      8.7957115     0.45508039
      2.4000000     -1.2373322      1.4081496  -0.0031124554      8.7958095     0.45508267
      2.4000000     -1.2373384      1.4081113  -0.0030935445      8.7947685     0.45510340
      2.4000000     -1.2373461      1.4081265  -0.0031953060      8.7942727     0.45512849
      2.4000000     -1.2373585      1.4080630  -0.0033089627      8.7938325     0.45515226
      2.4000000     -1.2373259      1.4080752  -0.0032031219      8.7954810     0.45507626
      2.4000000     -1.2373385      1.4080322  -0.0034780024      8.7945301     0.45511248
      2.4000000     -1.2373382      1.4080483  -0.0033428872      8.7951562     0.45510595
      2.4000000     -1.2373420      1.4080108  -0.0033848856      8.7942809     0.45512067
      2.4000000     -1.2373308      1.4079268  -0.0032030224      8.7945587     0.45508808
      2.4000000     -1.2373309      1.4079081  -0.0029798594      8.7944663     0.45509130
      2.4000000     -1.2373218      1.4079080  -0.0030407462      8.7944557     0.45508566
      2.4000000     -1.2373248      1.4079320  -0.0028896784      8.7939359     0.45510347
      2.4000000     -1.2373141      1.4078699  -0.0029737819      8.7935364     0.45507898
      2.4000000     -1.2373457      1.4079579  -0.0026939672      8.7922997     0.45515548
      2.4000000     -1.2373407      1.4080103  -0.0025471865      8.7925501     0.45515413
      2.4000000     -1.2373455      1.4081110  -0.0024390321      8.7931817     0.45516053
      2.4000000     -1.2373475      1.4080445  -0.0022547695      8.7919671     0.45517770
      2.4000000     -1.2373429      1.4080327  -0.0022105874      8.7922082     0.45515427
      2.4000000     -1.2373299      1.4080111  -0.0021436129      8.7924564     0.45512884
      2.4000000     -1.2373320      1.4079510  -0.0021207860      8.7926878     0.45512950
      2.4000000     -1.2373140      1.4079532  -0.0020936463      8.7934073     0.45509039
      2.4000000     -1.2373021      1.4079239  -0.0021260725      8.7935526     0.45506371
      2.4000000     -1.2373027      1.4079032  -0.0020901419      8.7935051     0.45507035
      2.4000000     -1.2373087      1.4079400  -0.0019340926      8.7937443     0.45508038
      2.4000000     -1.2373137      1.4080464  -0.0020154329      8.7943460     0.45509038
      2.4000000     -1.2373047      1.4079656  -0.0022210722      8.7938952     0.45507794
      2.4000000     -1.2373129      1.4080676  -0.0020566672      8.7937535     0.45510124
      2.4000000     -1.2373082      1.4080000  -0.0021487690      8.7939450     0.45509186
      2.4000000     -1.2373043      1.4079838  -0.0020353786      8.7944181     0.45508525
      2.4000000     -1.2373180      1.4080170  -0.0019512989      8.7938330     0.45511471
      2.4000000     -1.2373221      1.4080058  -0.0019600586      8.7933421     0.45512965
      2.4000000     -1.2373289      1.4080514  -0.0020388842      8.7941527     0.45512536
      2.4000000     -1.2373242      1.4080979  -0.0022591071      8.7938978     0.45512566
      2.4000000     -1.2373326      1.4082207  -0.0022943884      8.7943504     0.45513026
      2.4000000     -1.2373377      1.4082168  -0.0022598543      8.7942786     0.45514467
      2.4000000     -1.2373270      1.4082975  -0.0022721895      8.7957951     0.45511779
      2.4000000     -1.2373178      1.4081172  -0.0023614128      8.7950907     0.45510800
      2.4000000     -1.2373255      1.4081314  -0.0022238622      8.7953670     0.45511032
      2.4000000     -1.2373304      1.4080972  -0.0020089505      8.7948870     0.45512277
      2.4000000     -1.2373339      1.4081133  -0.0022616705      8.7944008     0.45513629
      2.4000000     -1.2373383      1.4081966  -0.0022659875      8.7940595     0.45515956
      2.4000000     -1.2373520      1.4082492  -0.0022156689      8.7947038     0.45516614
      2.4000000     -1.2373687      1.4082830  -0.0022781687      8.7944018     0.45520796
      2.4000000     -1.2373614      1.4082930  -0.0022548428      8.7940524     0.45520205
      2.4000000     -1.2373753      1.4083373  -0.0024424164      8.7938177     0.45524080
      2.4000000     -1.2373604      1.4083422  -0.0022179520      8.7936978     0.45521481
      2.4000000     -1.2373509      1.4083703  -0.0021167531      8.7940745     0.45519549
      2.4000000     -1.2373610      1.4084938  -0.0019252911      8.7947824     0.45521001
      2.4000000     -1.2373470      1.4085018  -0.0020279381      8.7958988     0.45517069
      2.4000000     -1.2373289      1.4084743  -0.0019021955      8.7967541     0.45511708
      2.4000000     -1.2373357      1.4085530  -0.0020696650      8.7968694     0.45512653
      2.4000000     -1.2373346      1.4085308  -0.0020064467      8.7967277     0.45511995
      2.4000000     -1.2373357      1.4084531  -0.0020559849      8.7969757     0.45512233
      2.4000000     -1.2373249      1.4083724  -0.0021901387      8.7960408     0.45510865
      2.4000000     -1.2373072      1.4083610  -0.0022037251      8.7972186     0.45505322
      2.4000000     -1.2373097      1.4083939  -0.0022488744      8.7976136     0.45507030
      2.4000000     -1.2372958      1.4082988  -0.0023781210      8.7983217     0.45502998
      2.4000000     -1.2372805      1.4081808  -0.0025611492      8.7977875     0.45500676
      2.4000000     -1.2372717      1.4082122  -0.0025189527      8.7980065     0.45499230
      2.4000000     -1.2372679      1.4082148  -0.0027185867      8.7973640     0.45499323
      2.4000000     -1.2372618      1.4081836  -0.0029103108      8.7974407     0.45497214
      2.4000000     -1.2372625      1.4081878  -0.0028805981      8.7975326     0.45497034
      2.4000000     -1.2372608      1.4081180  -0.0028370903      8.7971106     0.45497100
      2.4000000     -1.2372787      1.4081181  -0.0028996792      8.7961957     0.45501272
      2.4000000     -1.2372729      1.4080931  -0.0030196895      8.7966416     0.45499360
      2.4000000     -1.2372700      1.4080545  -0.0032085833      8.7967074     0.45498619
      2.4000000     -1.2372865      1.4080267  -0.0034430154      8.7961309     0.45501466
      2.4000000     -1.2372824      1.4079907  -0.0033978778      8.7963073     0.45500415
      2.4000000     -1.2372689      1.4078776  -0.0034382316      8.7958871     0.45497754
      2.4000000     -1.2372577      1.4079971  -0.0035330236      8.7963212     0.45495636
      2.4000000     -1.2372686      1.4079700  -0.0036855016      8.7960691     0.45498687
      2.4000000     -1.2372507      1.4079857  -0.0035551974      8.7972550     0.45493171
      2.4000000     -1.2372412      1.4078564  -0.0037004162      8.7964624     0.45491329
      2.4000000     -1.2372461      1.4078094  -0.0034395306      8.7960177     0.45492803
      2.4000000     -1.2372380      1.4078307  -0.0036301760      8.7963409     0.45491315
      2.4000000     -1.2372329      1.4077743  -0.0033863619      8.7964736     0.45489906
      2.4000000     -1.2372495      1.4078154  -0.0033736210      8.7962270     0.45494194
      2.4000000     -1.2372582      1.4078448  -0.0032179385      8.7966225     0.45495013
      2.4000000     -1.2372565      1.4077975  -0.0032638417      8.7959114     0.45495346
      2.4000000     -1.2372774      1.4079150  -0.0033236984      8.7966135     0.45499383
      2.4000000     -1.2372770      1.4079397  -0.0035729761      8.7973227     0.45498265
      2.4000000     -1.2372782      1.4080037  -0.0036852608      8.7974930     0.45498907
      2.4000000     -1.2372701      1.4079771  -0.0037109577      8.7981553     0.45497352
      2.4000000     -1.2372764      1.4079149  -0.0038349578      8.7978673     0.45496833
      2.4000000     -1.2372728      1.4079215  -0.0039825703      8.7990605     0.45494744
      2.4000000     -1.2372587      1.4079562  -0.0040451587      8.7998684     0.45491478
      2.4000000     -1.2372521      1.4079737  -0.0039391203      8.8004414     0.45489384
      2.4000000     -1.2372372      1.4079178  -0.0039217742      8.8002958     0.45486157
      2.4000000     -1.2372418      1.4079004  -0.0038089456      8.8001583     0.45487526
      2.4000000     -1.2372215      1.4079493  -0.0037306602      8.8013415     0.45482617
      2.4000000     -1.2372148      1.4079860  -0.0037791230      8.8011132     0.45481312
      2.4000000     -1.2372221      1.4080679  -0.0035132436      8.8005965     0.45484348
      2.4000000     -1.2372229      1.4080112  -0.0035741233      8.7997522     0.45485988
      2.4000000     -1.2372147      1.4079728  -0.0037857452      8.7996164     0.45484894
      2.4000000     -1.2372277      1.4080801  -0.0035607166      8.8001027     0.45486753
      2.4000000     -1.2372435      1.4081792  -0.0037470481      8.7997661     0.45490669
      2.4000000     -1.2372364      1.4081573  -0.0036593234      8.8002235     0.45488921
      2.4000000     -1.2372236      1.4081503  -0.0037948998      8.8003527     0.45486851
      2.4000000     -1.2372481      1.4082707  -0.0035852540      8.8007919     0.45491392
      2.4000000     -1.2372522      1.4083996  -0.0037417426      8.8013688     0.45492006
      2.4000000     -1.2372649      1.4084739  -0.0038371605      8.8015998     0.45494425
      2.4000000     -1.2372518      1.4084691  -0.0039381407      8.8019620     0.45491857
      2.4000000     -1.2372415      1.4083711  -0.0039521262      8.8017031     0.45490587
      2.4000000     -1.2372661      1.4086542  -0.0038667934      8.8026340     0.45495657
      2.4000000     -1.2372573      1.4086044  -0.0039706455      8.8028850     0.45492844
      2.4000000     -1.2372443      1.4084492  -0.0040670000      8.8021250     0.45490174
      2.4000000     -1.2372584      1.4085207  -0.0039325808      8.8014137     0.45494107
      2.4000000     -1.2372484      1.4084469  -0.0037925881      8.8015417     0.45491462
      2.4000000     -1.2372388      1.4084463  -0.0039551812      8.8019438     0.45488899
      2.4000000     -1.2372519      1.4085117  -0.0038938163      8.8024467     0.45491282
      2.4000000     -1.2372472      1.4085351  -0.0040150862      8.8020134     0.45491165
      2.4000000     -1.2372349      1.4085368  -0.0040634328      8.8024323     0.45488383
      2.4000000     -1.2372545      1.4085888  -0.0039637088      8.8025128     0.45492843
      2.4000000     -1.2372547      1.4086013  -0.0039396195      8.8025653     0.45493154
      2.4000000     -1.2372677      1.4086138  -0.0040053979      8.8019407     0.45496280
      2.4000000     -1.2372534      1.4085953  -0.0039263760      8.8021683     0.45492432
      2.4000000     -1.2372807      1.4086973  -0.0038533197      8.8021121     0.45498031
      2.4000000     -1.2372683      1.4086497  -0.0040498340      8.8019249     0.45495773
      2.4000000     -1.2372777      1.4085862  -0.0040258352      8.8013572     0.45497514
      2.4000000     -1.2372832      1.4086309  -0.0040869156      8.8011331     0.45498860
      2.4000000     -1.2372798      1.4084942  -0.0042341655      8.8010283     0.45497206
      2.4000000     -1.2372842      1.4084929  -0.0042945936      8.8008267     0.45498122
      2.4000000     -1.2372878      1.4085054  -0.0040973375      8.8011738     0.45498461
      2.4000000     -1.2372772      1.4084187  -0.0039969186      8.8009380     0.45496296
      2.4000000     -1.2372761      1.4083950  -0.0041565238      8.8009161     0.45495978
      2.4000000     -1.2372799      1.4084219  -0.0039562334      8.8007499     0.45497354
      2.4000000     -1.2373028      1.4085072  -0.0040719317      8.8002169     0.45501805
      2.4000000     -1.2373012      1.4085001  -0.0041981637      8.8014266     0.45499792
      2.4000000     -1.2373116      1.4085004  -0.0042360232      8.8015656     0.45501594
      2.4000000     -1.2372955      1.4084375  -0.0043086655      8.8019694     0.45497242
      2.4000000     -1.2372752      1.4083461  -0.0042053780      8.8020208     0.45493188
      2.4000000     -1.2372669      1.4083198  -0.0042687629      8.8018220     0.45492835
      2.4000000     -1.2372827      1.4083840  -0.0043620082      8.8013417     0.45496275
      2.4000000     -1.2372723      1.4082605  -0.0046011391      8.8001284     0.45495721
      2.4000000     -1.2372746      1.4082491  -0.0044972605      8.8002826     0.45495844
      2.4000000     -1.2372751      1.4082886  -0.0045046757      8.8007143     0.45495176
      2.4000000     -1.2372712      1.4083209  -0.0045420010      8.8008193     0.45493502
      2.4000000     -1.2372786      1.4083472  -0.0044738921      8.7996871     0.45496757
      2.4000000     -1.2372714      1.4082688  -0.0043556062      8.7994320     0.45495741
      2.4000000     -1.2372788      1.4083821  -0.0044901546      8.8001820     0.45496724
      2.4000000     -1.2372709      1.4083446  -0.0044393150      8.8002505     0.45494037
      2.4000000     -1.2372759      1.4083855  -0.0044877856      8.8002565     0.45494692
      2.4000000     -1.2372726      1.4083071  -0.0043307314      8.7998447     0.45493457
      2.4000000     -1.2372905      1.4083967  -0.0040214294      8.7997570     0.45497908
      2.4000000     -1.2373017      1.4084765  -0.0042830964      8.7997656     0.45500722
      2.4000000     -1.2372887      1.4085625  -0.0042048747      8.8011880     0.45497148
      2.4000000     -1.2372867      1.4085369  -0.0041207472      8.8012551     0.45495906
      2.4000000     -1.2372914      1.4085891  -0.0039681999      8.8014160     0.45497397
      2.4000000     -1.2373050      1.4086567  -0.0039397139      8.8011288     0.45501052
      2.4000000     -1.2372959      1.4086818  -0.0040439500      8.8019279     0.45498929
      2.4000000     -1.2373001      1.4086396  -0.0038221352      8.8013267     0.45500240
      2.4000000     -1.2372921      1.4086327  -0.0036163463      8.8014411     0.45498922
      2.4000000     -1.2372847      1.4086091  -0.0034213137      8.8009217     0.45498828
      2.4000000     -1.2372725      1.4085565  -0.0034293858      8.8012519     0.45495943
      2.4000000     -1.2372771      1.4085825  -0.0033408834      8.8020685     0.45495506
      2.4000000     -1.2372903      1.4087538  -0.0031663358      8.8024789     0.45498437
      2.4000000     -1.2372883      1.4087126  -0.0032344559      8.8021219     0.45497957
      2.4000000     -1.2372782      1.4086328  -0.0031002665      8.8022453     0.45494691
      2.4000000     -1.2372713      1.4086061  -0.0032221752      8.8020507     0.45494295
      2.4000000     -1.2372681      1.4086158  -0.0033174885      8.8026342     0.45493133
