T     E/N       E-var/TT       M/N       M-var/T       Mabs/N       
      1.0000000     -1.9948480     0.53434276    -0.99580500     0.97524679     0.99580500
      1.0000000     -1.9959890     0.27960875    -0.99753750     0.48961544     0.99753750
      1.0000000     -1.9963983     0.19394587    -0.99812167     0.32717941     0.99812167
      1.0000000     -1.9966080     0.15120773    -0.99841437     0.24587757     0.99841437
      1.0000000     -1.9967576     0.12529074    -0.99859700     0.19703944     0.99859700
      1.0000000     -1.9968295     0.10823984    -0.99871108     0.16448431     0.99871108
      1.0000000     -1.9969029    0.095955082    -0.99879879     0.14121383     0.99879879
      1.0000000     -1.9969484    0.086817534    -0.99886194     0.12376255     0.99886194
      1.0000000     -1.9969823    0.079627253    -0.99891061     0.11018296     0.99891061
      1.0000000     -1.9969830    0.074112684    -0.99894290    0.099331216     0.99894290
      1.0000000     -1.9970009    0.069595636    -0.99897350    0.090456065     0.99897350
      1.0000000     -1.9970052    0.065808389    -0.99899592    0.083058893     0.99899592
      1.0000000     -1.9970075    0.062607732    -0.99901481    0.076797066     0.99901481
      1.0000000     -1.9970206    0.059829774    -0.99903407    0.071425936     0.99903407
      1.0000000     -1.9970383    0.057326346    -0.99905203    0.066768344     0.99905203
      1.0000000     -1.9970596    0.055084678    -0.99906962    0.062686386     0.99906962
      1.0000000     -1.9970661    0.053202581    -0.99908191    0.059090904     0.99908191
      1.0000000     -1.9970691    0.051635067    -0.99909192    0.055903765     0.99909192
      1.0000000     -1.9970692    0.050186716    -0.99910042    0.053046935     0.99910042
      1.0000000     -1.9970776    0.048824631    -0.99911015    0.050472667     0.99911015
      1.0000000     -1.9970840    0.047563349    -0.99911855    0.048141550     0.99911855
      1.0000000     -1.9970762    0.046560076    -0.99912257    0.046033000     0.99912257
      1.0000000     -1.9970792    0.045541771    -0.99912907    0.044099415     0.99912907
      1.0000000     -1.9970794    0.044645744    -0.99913429    0.042329886     0.99913429
      1.0000000     -1.9970810    0.043817536    -0.99913972    0.040699727     0.99913972
      1.0000000     -1.9970847    0.043010482    -0.99914523    0.039192825     0.99914523
      1.0000000     -1.9970841    0.042328963    -0.99914907    0.037803037     0.99914907
      1.0000000     -1.9970877    0.041629437    -0.99915380    0.036507902     0.99915380
      1.0000000     -1.9970919    0.040998495    -0.99915852    0.035302556     0.99915852
      1.0000000     -1.9970992    0.040369077    -0.99916377    0.034174886     0.99916377
      1.0000000     -1.9970953    0.039850925    -0.99916585    0.033125584     0.99916585
      1.0000000     -1.9971034    0.039292773    -0.99917084    0.032136812     0.99917084
      1.0000000     -1.9971037    0.038820763    -0.99917367    0.031211415     0.99917367
      1.0000000     -1.9971092    0.038359559    -0.99917769    0.030338847     0.99917769
      1.0000000     -1.9971178    0.037858492    -0.99918234    0.029511889     0.99918234
      1.0000000     -1.9971235    0.037414030    -0.99918606    0.028733498     0.99918606
      1.0000000     -1.9971299    0.036984467    -0.99918988    0.027996319     0.99918988
      1.0000000     -1.9971315    0.036625675    -0.99919233    0.027300830     0.99919233
      1.0000000     -1.9971321    0.036301450    -0.99919437    0.026642616     0.99919437
      1.0000000     -1.9971304    0.035989873    -0.99919575    0.026016923     0.99919575
      1.0000000     -1.9971305    0.035689538    -0.99919750    0.025421349     0.99919750
      1.0000000     -1.9971301    0.035384737    -0.99919912    0.024852341     0.99919912
      1.0000000     -1.9971310    0.035114473    -0.99920095    0.024311447     0.99920095
      1.0000000     -1.9971338    0.034840260    -0.99920317    0.023794048     0.99920317
      1.0000000     -1.9971377    0.034560876    -0.99920563    0.023298682     0.99920563
      1.0000000     -1.9971405    0.034290298    -0.99920779    0.022824203     0.99920779
      1.0000000     -1.9971397    0.034066980    -0.99920891    0.022373078     0.99920891
      1.0000000     -1.9971367    0.033877958    -0.99920941    0.021942130     0.99920941
      1.0000000     -1.9971408    0.033640663    -0.99921170    0.021524558     0.99921170
      1.0000000     -1.9971400    0.033431166    -0.99921265    0.021125412     0.99921265
      1.0000000     -1.9971388    0.033238218    -0.99921347    0.020742588     0.99921347
      1.0000000     -1.9971389    0.033065728    -0.99921459    0.020374923     0.99921459
      1.0000000     -1.9971398    0.032866693    -0.99921588    0.020018910     0.99921588
      1.0000000     -1.9971373    0.032726500    -0.99921620    0.019679932     0.99921620
      1.0000000     -1.9971419    0.032516838    -0.99921834    0.019347983     0.99921834
      1.0000000     -1.9971426    0.032349643    -0.99921946    0.019030211     0.99921946
      1.0000000     -1.9971375    0.032226317    -0.99921904    0.018726482     0.99921904
      1.0000000     -1.9971386    0.032066993    -0.99922020    0.018430091     0.99922020
      1.0000000     -1.9971377    0.031927252    -0.99922082    0.018144763     0.99922082
      1.0000000     -1.9971390    0.031778595    -0.99922194    0.017868233     0.99922194
      1.0000000     -1.9971384    0.031658965    -0.99922254    0.017602452     0.99922254
      1.0000000     -1.9971370    0.031536988    -0.99922298    0.017344402     0.99922298
      1.0000000     -1.9971357    0.031421485    -0.99922344    0.017094658     0.99922344
      1.0000000     -1.9971364    0.031298209    -0.99922439    0.016851778     0.99922439
      1.0000000     -1.9971343    0.031195272    -0.99922455    0.016618089     0.99922455
      1.0000000     -1.9971309    0.031120080    -0.99922435    0.016393013     0.99922435
      1.0000000     -1.9971311    0.031001550    -0.99922507    0.016171438     0.99922507
      1.0000000     -1.9971341    0.030859561    -0.99922650    0.015954503     0.99922650
      1.0000000     -1.9971342    0.030757856    -0.99922709    0.015746723     0.99922709
      1.0000000     -1.9971335    0.030664830    -0.99922751    0.015544878     0.99922751
      1.0000000     -1.9971361    0.030544233    -0.99922875    0.015347081     0.99922875
      1.0000000     -1.9971362    0.030444026    -0.99922937    0.015155464     0.99922937
      1.0000000     -1.9971378    0.030344145    -0.99923034    0.014968914     0.99923034
      1.0000000     -1.9971369    0.030247856    -0.99923067    0.014787482     0.99923067
      1.0000000     -1.9971365    0.030163827    -0.99923103    0.014612316     0.99923103
      1.0000000     -1.9971379    0.030060311    -0.99923187    0.014439744     0.99923187
      1.0000000     -1.9971392    0.029954414    -0.99923273    0.014271105     0.99923273
      1.0000000     -1.9971378    0.029890439    -0.99923290    0.014109237     0.99923290
      1.0000000     -1.9971381    0.029803677    -0.99923351    0.013949679     0.99923351
      1.0000000     -1.9971383    0.029717448    -0.99923403    0.013794454     0.99923403
      1.0000000     -1.9971392    0.029630274    -0.99923471    0.013642831     0.99923471
      1.0000000     -1.9971390    0.029555258    -0.99923510    0.013495628     0.99923510
      1.0000000     -1.9971372    0.029502643    -0.99923503    0.013353555     0.99923503
      1.0000000     -1.9971338    0.029466348    -0.99923457    0.013215799     0.99923457
      1.0000000     -1.9971351    0.029388502    -0.99923531    0.013078427     0.99923531
      1.0000000     -1.9971343    0.029325357    -0.99923552    0.012944913     0.99923552
      1.0000000     -1.9971360    0.029240138    -0.99923634    0.012812924     0.99923634
      1.0000000     -1.9971359    0.029178163    -0.99923667    0.012685499     0.99923667
      1.0000000     -1.9971374    0.029099715    -0.99923746    0.012559638     0.99923746
      1.0000000     -1.9971370    0.029045064    -0.99923771    0.012438196     0.99923771
      1.0000000     -1.9971374    0.028984559    -0.99923812    0.012319091     0.99923812
      1.0000000     -1.9971382    0.028920397    -0.99923870    0.012201876     0.99923870
      1.0000000     -1.9971401    0.028846206    -0.99923951    0.012086824     0.99923951
      1.0000000     -1.9971405    0.028784836    -0.99923995    0.011974644     0.99923995
      1.0000000     -1.9971427    0.028716067    -0.99924083    0.011864399     0.99924083
      1.0000000     -1.9971431    0.028658508    -0.99924127    0.011756989     0.99924127
      1.0000000     -1.9971428    0.028601548    -0.99924156    0.011651287     0.99924156
      1.0000000     -1.9971427    0.028556851    -0.99924186    0.011548795     0.99924186
      1.0000000     -1.9971421    0.028511153    -0.99924195    0.011448925     0.99924195
      1.0000000     -1.9971433    0.028451032    -0.99924261    0.011349184     0.99924261
      1.0000000     -1.9971431    0.028411354    -0.99924282    0.011253326     0.99924282
      1.0000000     -1.9971460    0.028338344    -0.99924382    0.011157011     0.99924382
      1.0000000     -1.9971466    0.028282277    -0.99924423    0.011063585     0.99924423
      1.0000000     -1.9971468    0.028235152    -0.99924451    0.010972636     0.99924451
      1.0000000     -1.9971474    0.028182686    -0.99924496    0.010882469     0.99924496
      1.0000000     -1.9971490    0.028119975    -0.99924567    0.010793175     0.99924567
      1.0000000     -1.9971496    0.028075547    -0.99924604    0.010707189     0.99924604
      1.0000000     -1.9971504    0.028030225    -0.99924644    0.010622973     0.99924644
      1.0000000     -1.9971517    0.027975157    -0.99924702    0.010539219     0.99924702
      1.0000000     -1.9971533    0.027924162    -0.99924765    0.010457063     0.99924765
      1.0000000     -1.9971518    0.027895606    -0.99924746    0.010378446     0.99924746
      1.0000000     -1.9971518    0.027860208    -0.99924771    0.010300121     0.99924771
      1.0000000     -1.9971538    0.027807165    -0.99924843    0.010221977     0.99924843
      1.0000000     -1.9971546    0.027765011    -0.99924887    0.010145718     0.99924887
      1.0000000     -1.9971542    0.027728474    -0.99924903    0.010071012     0.99924903
      1.0000000     -1.9971540    0.027696020    -0.99924915   0.0099985049     0.99924915
      1.0000000     -1.9971554    0.027651402    -0.99924972   0.0099259188     0.99924972
      1.0000000     -1.9971561    0.027609652    -0.99925014   0.0098545271     0.99925014
      1.0000000     -1.9971557    0.027577750    -0.99925026   0.0097849101     0.99925026
      1.0000000     -1.9971552    0.027545069    -0.99925035   0.0097165041     0.99925035
      1.0000000     -1.9971559    0.027505068    -0.99925074   0.0096486642     0.99925074
      1.0000000     -1.9971565    0.027467222    -0.99925108   0.0095823102     0.99925108
      1.0000000     -1.9971559    0.027440012    -0.99925113   0.0095173036     0.99925113
      1.0000000     -1.9971567    0.027394386    -0.99925156   0.0094520781     0.99925156
      1.0000000     -1.9971563    0.027368585    -0.99925166   0.0093892245     0.99925166
      1.0000000     -1.9971564    0.027336426    -0.99925187   0.0093270962     0.99925187
      1.0000000     -1.9971585    0.027284056    -0.99925261   0.0092644926     0.99925261
      1.0000000     -1.9971574    0.027265682    -0.99925247   0.0092053327     0.99925247
      1.0000000     -1.9971580    0.027227744    -0.99925283   0.0091454487     0.99925283
      1.0000000     -1.9971592    0.027189841    -0.99925331   0.0090865441     0.99925331
      1.0000000     -1.9971591    0.027160193    -0.99925344   0.0090294327     0.99925344
      1.0000000     -1.9971590    0.027129314    -0.99925357   0.0089731207     0.99925357
      1.0000000     -1.9971600    0.027091689    -0.99925398   0.0089167982     0.99925398
      1.0000000     -1.9971602    0.027057297    -0.99925422   0.0088612287     0.99925422
      1.0000000     -1.9971622    0.027010155    -0.99925491   0.0088058533     0.99925491
      1.0000000     -1.9971617    0.026986724    -0.99925490   0.0087530316     0.99925490
      1.0000000     -1.9971608    0.026969569    -0.99925482   0.0087012578     0.99925482
      1.0000000     -1.9971611    0.026936524    -0.99925504   0.0086490986     0.99925504
      1.0000000     -1.9971615    0.026904891    -0.99925530   0.0085977866     0.99925530
      1.0000000     -1.9971623    0.026873244    -0.99925565   0.0085471394     0.99925565
      1.0000000     -1.9971643    0.026838432    -0.99925628   0.0084971332     0.99925628
      1.0000000     -1.9971648    0.026808004    -0.99925654   0.0084479646     0.99925654
      1.0000000     -1.9971665    0.026769946    -0.99925710   0.0083991826     0.99925710
      1.0000000     -1.9971664    0.026741866    -0.99925724   0.0083513346     0.99925724
      1.0000000     -1.9971664    0.026715761    -0.99925735   0.0083043598     0.99925735
      1.0000000     -1.9971669    0.026688445    -0.99925758   0.0082585086     0.99925758
      1.0000000     -1.9971663    0.026672254    -0.99925757   0.0082134791     0.99925757
      1.0000000     -1.9971653    0.026664437    -0.99925741   0.0081697274     0.99925741
      1.0000000     -1.9971638    0.026650780    -0.99925718   0.0081257982     0.99925718
      1.0000000     -1.9971646    0.026618575    -0.99925753   0.0080814487     0.99925753
      1.0000000     -1.9971658    0.026587450    -0.99925795   0.0080376370     0.99925795
      1.0000000     -1.9971668    0.026562787    -0.99925835   0.0079947050     0.99925835
      1.0000000     -1.9971663    0.026550655    -0.99925835   0.0079533002     0.99925835
      1.0000000     -1.9971665    0.026527991    -0.99925853   0.0079117962     0.99925853
      1.0000000     -1.9971675    0.026499718    -0.99925886   0.0078705582     0.99925886
      1.0000000     -1.9971668    0.026487956    -0.99925882   0.0078308170     0.99925882
      1.0000000     -1.9971675    0.026459344    -0.99925913   0.0077902558     0.99925913
      1.0000000     -1.9971672    0.026446277    -0.99925916   0.0077512499     0.99925916
      1.0000000     -1.9971679    0.026419843    -0.99925948   0.0077117955     0.99925948
      1.0000000     -1.9971691    0.026391741    -0.99925991   0.0076726126     0.99925991
      1.0000000     -1.9971692    0.026371409    -0.99926005   0.0076346708     0.99926005
      1.0000000     -1.9971691    0.026348684    -0.99926016   0.0075967093     0.99926016
      1.0000000     -1.9971703    0.026323551    -0.99926057   0.0075590890     0.99926057
      1.0000000     -1.9971715    0.026296957    -0.99926099   0.0075220035     0.99926099
      1.0000000     -1.9971703    0.026285923    -0.99926078   0.0074864165     0.99926078
      1.0000000     -1.9971713    0.026261217    -0.99926113   0.0074503890     0.99926113
      1.0000000     -1.9971710    0.026247525    -0.99926116   0.0074153802     0.99926116
      1.0000000     -1.9971709    0.026231074    -0.99926125   0.0073804851     0.99926125
      1.0000000     -1.9971706    0.026215307    -0.99926129   0.0073462479     0.99926129
      1.0000000     -1.9971705    0.026200697    -0.99926133   0.0073126799     0.99926133
      1.0000000     -1.9971701    0.026184748    -0.99926132   0.0072790709     0.99926132
      1.0000000     -1.9971701    0.026169405    -0.99926142   0.0072459385     0.99926142
      1.0000000     -1.9971710    0.026146981    -0.99926175   0.0072126893     0.99926175
      1.0000000     -1.9971704    0.026136085    -0.99926170   0.0071806056     0.99926170
      1.0000000     -1.9971695    0.026127579    -0.99926157   0.0071489138     0.99926157
      1.0000000     -1.9971703    0.026103520    -0.99926188   0.0071166248     0.99926188
      1.0000000     -1.9971704    0.026088873    -0.99926200   0.0070852910     0.99926200
      1.0000000     -1.9971710    0.026068957    -0.99926226   0.0070538680     0.99926226
      1.0000000     -1.9971705    0.026054670    -0.99926223   0.0070231603     0.99926223
      1.0000000     -1.9971714    0.026032411    -0.99926256   0.0069923886     0.99926256
      1.0000000     -1.9971727    0.026005214    -0.99926298   0.0069615370     0.99926298
      1.0000000     -1.9971729    0.025986772    -0.99926312   0.0069316130     0.99926312
      1.0000000     -1.9971721    0.025983216    -0.99926299   0.0069030648     0.99926299
      1.0000000     -1.9971722    0.025966129    -0.99926311   0.0068737888     0.99926311
      1.0000000     -1.9971721    0.025956332    -0.99926315   0.0068454995     0.99926315
      1.0000000     -1.9971713    0.025946048    -0.99926304   0.0068174643     0.99926304
      1.0000000     -1.9971712    0.025932248    -0.99926309   0.0067894208     0.99926309
      1.0000000     -1.9971702    0.025924448    -0.99926290   0.0067620877     0.99926290
      1.0000000     -1.9971706    0.025909171    -0.99926309   0.0067344362     0.99926309
      1.0000000     -1.9971706    0.025894694    -0.99926318   0.0067071289     0.99926318
      1.0000000     -1.9971705    0.025881246    -0.99926324   0.0066801414     0.99926324
      1.0000000     -1.9971718    0.025857481    -0.99926365   0.0066527656     0.99926365
      1.0000000     -1.9971723    0.025839687    -0.99926387   0.0066259433     0.99926387
      1.0000000     -1.9971727    0.025825120    -0.99926404   0.0065999923     0.99926404
      1.0000000     -1.9971726    0.025811933    -0.99926409   0.0065739678     0.99926409
      1.0000000     -1.9971720    0.025804468    -0.99926401   0.0065488138     0.99926401
      1.0000000     -1.9971724    0.025788475    -0.99926418   0.0065233784     0.99926418
      1.0000000     -1.9971717    0.025783975    -0.99926408   0.0064988612     0.99926408
      1.0000000     -1.9971714    0.025774359    -0.99926407   0.0064742740     0.99926407
      1.0000000     -1.9971710    0.025766822    -0.99926401   0.0064502740     0.99926401
      1.0000000     -1.9971711    0.025751587    -0.99926410   0.0064260234     0.99926410
      1.0000000     -1.9971715    0.025737832    -0.99926428   0.0064017713     0.99926428
      1.0000000     -1.9971712    0.025724692    -0.99926426   0.0063779749     0.99926426
      1.0000000     -1.9971707    0.025719075    -0.99926419   0.0063548298     0.99926419
      1.0000000     -1.9971700    0.025713844    -0.99926410   0.0063318410     0.99926410
      1.0000000     -1.9971698    0.025705022    -0.99926409   0.0063089424     0.99926409
      1.0000000     -1.9971703    0.025687854    -0.99926429   0.0062857889     0.99926429
      1.0000000     -1.9971692    0.025685429    -0.99926409   0.0062636033     0.99926409
      1.0000000     -1.9971694    0.025671594    -0.99926422   0.0062408387     0.99926422
      1.0000000     -1.9971686    0.025665159    -0.99926406   0.0062189362     0.99926406
      1.0000000     -1.9971673    0.025664377    -0.99926381   0.0061974341     0.99926381
      1.0000000     -1.9971666    0.025661777    -0.99926370   0.0061761405     0.99926370
      1.0000000     -1.9971667    0.025650644    -0.99926376   0.0061546515     0.99926376
      1.0000000     -1.9971671    0.025634008    -0.99926396   0.0061327048     0.99926396
      1.0000000     -1.9971661    0.025632250    -0.99926377   0.0061120498     0.99926377
      1.0000000     -1.9971667    0.025620436    -0.99926396   0.0060909605     0.99926396
      1.0000000     -1.9971666    0.025610793    -0.99926399   0.0060702069     0.99926399
      1.0000000     -1.9971665    0.025600952    -0.99926403   0.0060496098     0.99926403
      1.0000000     -1.9971662    0.025593968    -0.99926402   0.0060293264     0.99926402
      1.0000000     -1.9971662    0.025578952    -0.99926412   0.0060085853     0.99926412
      1.0000000     -1.9971650    0.025580099    -0.99926384   0.0059893220     0.99926384
      1.0000000     -1.9971633    0.025587209    -0.99926346   0.0059705920     0.99926346
      1.0000000     -1.9971629    0.025577699    -0.99926342   0.0059507836     0.99926342
      1.0000000     -1.9971631    0.025567038    -0.99926352   0.0059313144     0.99926352
      1.0000000     -1.9971626    0.025561587    -0.99926345   0.0059121703     0.99926345
      1.0000000     -1.9971630    0.025552991    -0.99926361   0.0058932104     0.99926361
      1.0000000     -1.9971638    0.025538525    -0.99926385   0.0058738470     0.99926385
      1.0000000     -1.9971632    0.025534479    -0.99926375   0.0058553472     0.99926375
      1.0000000     -1.9971636    0.025522970    -0.99926392   0.0058365242     0.99926392
      1.0000000     -1.9971626    0.025523200    -0.99926370   0.0058186549     0.99926370
      1.0000000     -1.9971625    0.025512479    -0.99926374   0.0058000691     0.99926374
      1.0000000     -1.9971620    0.025505519    -0.99926368   0.0057821109     0.99926368
      1.0000000     -1.9971616    0.025500011    -0.99926362   0.0057642812     0.99926362
      1.0000000     -1.9971617    0.025488718    -0.99926370   0.0057461339     0.99926370
      1.0000000     -1.9971611    0.025484651    -0.99926360   0.0057286405     0.99926360
      1.0000000     -1.9971610    0.025475005    -0.99926364   0.0057110472     0.99926364
      1.0000000     -1.9971618    0.025458767    -0.99926388   0.0056930748     0.99926388
      1.0000000     -1.9971619    0.025447284    -0.99926398   0.0056755109     0.99926398
      1.0000000     -1.9971630    0.025431177    -0.99926431   0.0056577406     0.99926431
      1.0000000     -1.9971631    0.025424323    -0.99926438   0.0056410002     0.99926438
      1.0000000     -1.9971621    0.025429855    -0.99926410   0.0056258533     0.99926410
      1.0000000     -1.9971618    0.025421172    -0.99926408   0.0056090426     0.99926408
      1.0000000     -1.9971614    0.025415503    -0.99926403   0.0055926414     0.99926403
      1.0000000     -1.9971609    0.025414713    -0.99926392   0.0055767680     0.99926392
      1.0000000     -1.9971606    0.025405983    -0.99926389   0.0055603285     0.99926389
      1.0000000     -1.9971599    0.025400676    -0.99926380   0.0055441828     0.99926380
      1.0000000     -1.9971606    0.025385351    -0.99926405   0.0055274445     0.99926405
      1.0000000     -1.9971601    0.025380519    -0.99926395   0.0055117182     0.99926395
      1.0000000     -1.9971607    0.025368609    -0.99926417   0.0054955976     0.99926417
      1.0000000     -1.9971608    0.025361797    -0.99926424   0.0054798921     0.99926424
      1.0000000     -1.9971613    0.025350812    -0.99926441   0.0054641209     0.99926441
      1.0000000     -1.9971613    0.025343950    -0.99926446   0.0054486453     0.99926446
      1.0000000     -1.9971608    0.025338172    -0.99926440   0.0054332776     0.99926440
      1.0000000     -1.9971601    0.025337609    -0.99926424   0.0054187414     0.99926424
      1.0000000     -1.9971594    0.025335366    -0.99926410   0.0054040774     0.99926410
      1.0000000     -1.9971592    0.025329697    -0.99926407   0.0053894356     0.99926407
      1.0000000     -1.9971592    0.025323830    -0.99926410   0.0053747870     0.99926410
      1.0000000     -1.9971597    0.025310517    -0.99926430   0.0053595310     0.99926430
      1.0000000     -1.9971603    0.025297957    -0.99926450   0.0053444901     0.99926450
      1.0000000     -1.9971606    0.025287194    -0.99926464   0.0053295897     0.99926464
      1.0000000     -1.9971609    0.025277422    -0.99926476   0.0053149761     0.99926476
      1.0000000     -1.9971609    0.025268857    -0.99926483   0.0053005418     0.99926483
      1.0000000     -1.9971607    0.025261179    -0.99926481   0.0052862724     0.99926481
      1.0000000     -1.9971606    0.025256479    -0.99926484   0.0052722336     0.99926484
      1.0000000     -1.9971607    0.025246916    -0.99926491   0.0052581236     0.99926491
      1.0000000     -1.9971607    0.025237531    -0.99926495   0.0052440418     0.99926495
      1.0000000     -1.9971612    0.025226614    -0.99926511   0.0052301135     0.99926511
      1.0000000     -1.9971614    0.025217704    -0.99926520   0.0052163169     0.99926520
      1.0000000     -1.9971619    0.025206089    -0.99926536   0.0052025506     0.99926536
      1.0000000     -1.9971621    0.025198229    -0.99926544   0.0051891072     0.99926544
      1.0000000     -1.9971625    0.025187129    -0.99926560   0.0051753927     0.99926560
      1.0000000     -1.9971627    0.025178011    -0.99926570   0.0051618495     0.99926570
      1.0000000     -1.9971631    0.025172815    -0.99926583   0.0051488283     0.99926583
      1.0000000     -1.9971628    0.025172020    -0.99926580   0.0051361706     0.99926580
      1.0000000     -1.9971639    0.025156900    -0.99926613   0.0051225017     0.99926613
      1.0000000     -1.9971641    0.025149031    -0.99926620   0.0051095157     0.99926620
      1.0000000     -1.9971645    0.025137368    -0.99926635   0.0050963613     0.99926635
      1.0000000     -1.9971646    0.025131184    -0.99926639   0.0050837760     0.99926639
      1.0000000     -1.9971648    0.025122696    -0.99926651   0.0050709494     0.99926651
      1.0000000     -1.9971648    0.025115775    -0.99926653   0.0050583936     0.99926653
      1.0000000     -1.9971648    0.025109667    -0.99926657   0.0050460133     0.99926657
      1.0000000     -1.9971646    0.025104494    -0.99926654   0.0050337856     0.99926654
      1.0000000     -1.9971640    0.025102428    -0.99926644   0.0050217064     0.99926644
      1.0000000     -1.9971640    0.025096520    -0.99926651   0.0050094104     0.99926651
      1.0000000     -1.9971639    0.025089131    -0.99926652   0.0049971368     0.99926652
      1.0000000     -1.9971638    0.025084374    -0.99926653   0.0049852571     0.99926653
      1.0000000     -1.9971634    0.025082483    -0.99926647   0.0049736657     0.99926647
      1.0000000     -1.9971635    0.025077396    -0.99926650   0.0049619320     0.99926650
      1.0000000     -1.9971632    0.025074024    -0.99926648   0.0049503281     0.99926648
      1.0000000     -1.9971632    0.025070836    -0.99926650   0.0049388787     0.99926650
      1.0000000     -1.9971632    0.025065710    -0.99926655   0.0049272667     0.99926655
      1.0000000     -1.9971634    0.025056893    -0.99926663   0.0049155181     0.99926663
      1.0000000     -1.9971630    0.025052045    -0.99926660   0.0049040150     0.99926660
      1.0000000     -1.9971630    0.025044842    -0.99926664   0.0048924944     0.99926664
      1.0000000     -1.9971632    0.025037506    -0.99926673   0.0048810585     0.99926673
      1.0000000     -1.9971634    0.025030819    -0.99926681   0.0048697346     0.99926681
      1.0000000     -1.9971633    0.025025208    -0.99926683   0.0048585460     0.99926683
      1.0000000     -1.9971636    0.025015549    -0.99926692   0.0048472717     0.99926692
      1.0000000     -1.9971638    0.025007984    -0.99926702   0.0048361243     0.99926702
      1.0000000     -1.9971633    0.025006274    -0.99926693   0.0048254763     0.99926693
      1.0000000     -1.9971634    0.024999354    -0.99926700   0.0048144555     0.99926700
      1.0000000     -1.9971632    0.024998192    -0.99926696   0.0048041449     0.99926696
      1.0000000     -1.9971635    0.024990628    -0.99926704   0.0047934637     0.99926704
      1.0000000     -1.9971630    0.024986969    -0.99926695   0.0047830206     0.99926695
      1.0000000     -1.9971632    0.024977764    -0.99926705   0.0047721779     0.99926705
      1.0000000     -1.9971630    0.024975951    -0.99926702   0.0047619064     0.99926702
      1.0000000     -1.9971632    0.024967596    -0.99926709   0.0047512766     0.99926709
      1.0000000     -1.9971631    0.024963188    -0.99926711   0.0047409952     0.99926711
      1.0000000     -1.9971633    0.024956054    -0.99926717   0.0047306024     0.99926717
      1.0000000     -1.9971630    0.024953663    -0.99926713   0.0047206974     0.99926713
      1.0000000     -1.9971636    0.024943022    -0.99926732   0.0047101581     0.99926732
      1.0000000     -1.9971638    0.024937359    -0.99926740   0.0047001059     0.99926740
      1.0000000     -1.9971638    0.024933331    -0.99926742   0.0046902052     0.99926742
      1.0000000     -1.9971632    0.024933796    -0.99926729   0.0046806178     0.99926729
      1.0000000     -1.9971628    0.024932416    -0.99926723   0.0046709222     0.99926723
      1.0000000     -1.9971630    0.024925861    -0.99926731   0.0046609371     0.99926731
      1.0000000     -1.9971629    0.024923048    -0.99926732   0.0046512983     0.99926732
      1.0000000     -1.9971633    0.024917787    -0.99926745   0.0046415552     0.99926745
      1.0000000     -1.9971634    0.024911938    -0.99926750   0.0046318114     0.99926750
      1.0000000     -1.9971629    0.024911277    -0.99926738   0.0046226395     0.99926738
      1.0000000     -1.9971627    0.024907827    -0.99926738   0.0046131870     0.99926738
      1.0000000     -1.9971627    0.024902927    -0.99926739   0.0046036803     0.99926739
      1.0000000     -1.9971635    0.024890304    -0.99926763   0.0045937977     0.99926763
      1.0000000     -1.9971640    0.024879809    -0.99926780   0.0045840155     0.99926780
      1.0000000     -1.9971641    0.024874383    -0.99926785   0.0045746485     0.99926785
      1.0000000     -1.9971631    0.024878744    -0.99926762   0.0045661510     0.99926762
      1.0000000     -1.9971637    0.024870462    -0.99926781   0.0045566585     0.99926781
      1.0000000     -1.9971636    0.024866954    -0.99926780   0.0045475913     0.99926780
      1.0000000     -1.9971636    0.024863392    -0.99926782   0.0045387994     0.99926782
      1.0000000     -1.9971640    0.024857740    -0.99926794   0.0045297315     0.99926794
      1.0000000     -1.9971638    0.024854492    -0.99926791   0.0045209523     0.99926791
      1.0000000     -1.9971641    0.024849946    -0.99926800   0.0045122023     0.99926800
      1.0000000     -1.9971642    0.024844784    -0.99926806   0.0045032611     0.99926806
      1.0000000     -1.9971644    0.024840258    -0.99926813   0.0044944481     0.99926813
      1.0000000     -1.9971642    0.024840863    -0.99926809   0.0044860828     0.99926809
      1.0000000     -1.9971644    0.024834348    -0.99926818   0.0044772270     0.99926818
      1.0000000     -1.9971644    0.024832582    -0.99926821   0.0044688285     0.99926821
      1.0000000     -1.9971642    0.024829749    -0.99926819   0.0044603020     0.99926819
      1.0000000     -1.9971640    0.024828311    -0.99926816   0.0044519521     0.99926816
      1.0000000     -1.9971643    0.024819863    -0.99926826   0.0044432043     0.99926826
      1.0000000     -1.9971643    0.024816040    -0.99926827   0.0044348178     0.99926827
      1.0000000     -1.9971645    0.024811293    -0.99926834   0.0044264538     0.99926834
      1.0000000     -1.9971647    0.024805710    -0.99926842   0.0044179975     0.99926842
      1.0000000     -1.9971650    0.024798649    -0.99926853   0.0044094179     0.99926853
      1.0000000     -1.9971643    0.024800245    -0.99926838   0.0044014692     0.99926838
      1.0000000     -1.9971645    0.024795024    -0.99926847   0.0043932277     0.99926847
      1.0000000     -1.9971646    0.024792357    -0.99926851   0.0043851502     0.99926851
      1.0000000     -1.9971643    0.024788354    -0.99926846   0.0043770792     0.99926846
      1.0000000     -1.9971645    0.024781270    -0.99926855   0.0043687219     0.99926855
      1.0000000     -1.9971645    0.024775607    -0.99926859   0.0043604778     0.99926859
      1.0000000     -1.9971641    0.024774163    -0.99926850   0.0043527368     0.99926850
      1.0000000     -1.9971637    0.024776925    -0.99926843   0.0043452681     0.99926843
      1.0000000     -1.9971636    0.024772747    -0.99926843   0.0043373442     0.99926843
      1.0000000     -1.9971639    0.024765963    -0.99926855   0.0043292870     0.99926855
      1.0000000     -1.9971641    0.024760464    -0.99926861   0.0043217489     0.99926861
      1.0000000     -1.9971642    0.024754813    -0.99926866   0.0043139011     0.99926866
      1.0000000     -1.9971640    0.024752812    -0.99926861   0.0043063564     0.99926861
      1.0000000     -1.9971641    0.024749171    -0.99926866   0.0042988568     0.99926866
      1.0000000     -1.9971644    0.024742200    -0.99926875   0.0042909777     0.99926875
      1.0000000     -1.9971641    0.024740098    -0.99926872   0.0042834752     0.99926872
      1.0000000     -1.9971634    0.024742936    -0.99926855   0.0042764275     0.99926855
      1.0000000     -1.9971626    0.024745984    -0.99926836   0.0042694198     0.99926836
      1.0000000     -1.9971621    0.024745833    -0.99926827   0.0042622102     0.99926827
      1.0000000     -1.9971620    0.024743591    -0.99926826   0.0042549241     0.99926826
      1.0000000     -1.9971623    0.024736734    -0.99926836   0.0042472962     0.99926836
      1.0000000     -1.9971614    0.024739466    -0.99926816   0.0042403299     0.99926816
      1.0000000     -1.9971619    0.024729346    -0.99926833   0.0042326100     0.99926833
      1.0000000     -1.9971612    0.024731291    -0.99926816   0.0042256661     0.99926816
      1.0000000     -1.9971612    0.024727999    -0.99926820   0.0042184038     0.99926820
      1.0000000     -1.9971611    0.024725283    -0.99926818   0.0042112969     0.99926818
      1.0000000     -1.9971608    0.024723020    -0.99926813   0.0042042668     0.99926813
      1.0000000     -1.9971605    0.024721125    -0.99926808   0.0041972622     0.99926808
      1.0000000     -1.9971606    0.024717883    -0.99926815   0.0041901567     0.99926815
      1.0000000     -1.9971599    0.024720772    -0.99926798   0.0041836415     0.99926798
      1.0000000     -1.9971601    0.024714236    -0.99926805   0.0041763740     0.99926805
      1.0000000     -1.9971598    0.024711130    -0.99926801   0.0041694689     0.99926801
      1.0000000     -1.9971600    0.024706685    -0.99926809   0.0041624853     0.99926809
      1.0000000     -1.9971599    0.024702947    -0.99926808   0.0041555370     0.99926808
      1.0000000     -1.9971600    0.024697948    -0.99926814   0.0041485435     0.99926814
      1.0000000     -1.9971601    0.024694327    -0.99926818   0.0041417433     0.99926818
      1.0000000     -1.9971602    0.024689406    -0.99926823   0.0041348487     0.99926823
      1.0000000     -1.9971601    0.024685535    -0.99926823   0.0041280929     0.99926823
      1.0000000     -1.9971603    0.024681732    -0.99926829   0.0041213735     0.99926829
      1.0000000     -1.9971595    0.024686335    -0.99926810   0.0041154765     0.99926810
      1.0000000     -1.9971593    0.024685633    -0.99926806   0.0041091514     0.99926806
      1.0000000     -1.9971593    0.024682754    -0.99926806   0.0041027056     0.99926806
      1.0000000     -1.9971590    0.024681506    -0.99926802   0.0040962510     0.99926802
      1.0000000     -1.9971595    0.024674091    -0.99926817   0.0040894334     0.99926817
      1.0000000     -1.9971597    0.024669838    -0.99926823   0.0040828408     0.99926823
      1.0000000     -1.9971596    0.024669139    -0.99926824   0.0040765726     0.99926824
      1.0000000     -1.9971599    0.024662970    -0.99926832   0.0040699442     0.99926832
      1.0000000     -1.9971600    0.024658949    -0.99926837   0.0040635379     0.99926837
      1.0000000     -1.9971592    0.024663321    -0.99926817   0.0040577110     0.99926817
      1.0000000     -1.9971593    0.024659055    -0.99926822   0.0040513381     0.99926822
      1.0000000     -1.9971590    0.024658468    -0.99926817   0.0040451770     0.99926817
      1.0000000     -1.9971594    0.024652139    -0.99926829   0.0040387275     0.99926829
      1.0000000     -1.9971597    0.024646328    -0.99926839   0.0040323459     0.99926839
      1.0000000     -1.9971598    0.024641174    -0.99926844   0.0040260064     0.99926844
      1.0000000     -1.9971597    0.024641225    -0.99926841   0.0040200160     0.99926841
      1.0000000     -1.9971595    0.024637674    -0.99926839   0.0040138866     0.99926839
      1.0000000     -1.9971591    0.024636996    -0.99926831   0.0040079943     0.99926831
      1.0000000     -1.9971589    0.024637164    -0.99926825   0.0040022638     0.99926825
      1.0000000     -1.9971588    0.024633778    -0.99926824   0.0039961386     0.99926824
      1.0000000     -1.9971587    0.024631924    -0.99926825   0.0039901712     0.99926825
      1.0000000     -1.9971590    0.024624657    -0.99926836   0.0039838109     0.99926836
      1.0000000     -1.9971591    0.024620962    -0.99926839   0.0039778110     0.99926839
      1.0000000     -1.9971591    0.024618657    -0.99926843   0.0039719270     0.99926843
      1.0000000     -1.9971589    0.024620976    -0.99926837   0.0039665944     0.99926837
      1.0000000     -1.9971592    0.024617408    -0.99926844   0.0039610153     0.99926844
      1.0000000     -1.9971590    0.024616862    -0.99926839   0.0039554142     0.99926839
      1.0000000     -1.9971592    0.024610718    -0.99926849   0.0039493338     0.99926849
      1.0000000     -1.9971593    0.024607474    -0.99926852   0.0039435567     0.99926852
      1.0000000     -1.9971593    0.024601960    -0.99926855   0.0039375446     0.99926855
      1.0000000     -1.9971599    0.024594147    -0.99926872   0.0039314430     0.99926872
      1.0000000     -1.9971594    0.024596615    -0.99926862   0.0039260550     0.99926862
      1.0000000     -1.9971593    0.024593484    -0.99926861   0.0039203640     0.99926861
      1.0000000     -1.9971595    0.024588030    -0.99926868   0.0039145709     0.99926868
      1.0000000     -1.9971598    0.024583632    -0.99926878   0.0039088282     0.99926878
      1.0000000     -1.9971598    0.024578885    -0.99926880   0.0039030708     0.99926880
      1.0000000     -1.9971596    0.024578133    -0.99926875   0.0038977399     0.99926875
      1.0000000     -1.9971600    0.024570894    -0.99926888   0.0038918614     0.99926888
      1.0000000     -1.9971601    0.024567496    -0.99926891   0.0038864683     0.99926891
      1.0000000     -1.9971605    0.024560760    -0.99926903   0.0038806568     0.99926903
      1.0000000     -1.9971609    0.024553754    -0.99926916   0.0038748777     0.99926916
      1.0000000     -1.9971606    0.024553431    -0.99926911   0.0038695770     0.99926911
      1.0000000     -1.9971604    0.024552859    -0.99926906   0.0038644178     0.99926906
      1.0000000     -1.9971603    0.024551182    -0.99926904   0.0038590754     0.99926904
      1.0000000     -1.9971600    0.024551485    -0.99926898   0.0038540718     0.99926898
      1.0000000     -1.9971601    0.024548457    -0.99926901   0.0038487645     0.99926901
      1.0000000     -1.9971603    0.024545473    -0.99926907   0.0038434392     0.99926907
      1.0000000     -1.9971600    0.024542738    -0.99926903   0.0038381105     0.99926903
      1.0000000     -1.9971600    0.024539388    -0.99926906   0.0038327464     0.99926906
      1.0000000     -1.9971598    0.024538849    -0.99926901   0.0038276374     0.99926901
      1.0000000     -1.9971599    0.024534736    -0.99926904   0.0038223243     0.99926904
      1.0000000     -1.9971600    0.024530797    -0.99926911   0.0038170098     0.99926911
      1.0000000     -1.9971600    0.024529420    -0.99926912   0.0038118847     0.99926912
      1.0000000     -1.9971599    0.024527609    -0.99926910   0.0038068866     0.99926910
      1.0000000     -1.9971599    0.024525316    -0.99926911   0.0038017411     0.99926911
      1.0000000     -1.9971598    0.024523218    -0.99926910   0.0037966969     0.99926910
      1.0000000     -1.9971597    0.024522322    -0.99926910   0.0037917261     0.99926910
      1.0000000     -1.9971596    0.024519592    -0.99926909   0.0037867579     0.99926909
      1.0000000     -1.9971594    0.024520549    -0.99926904   0.0037820670     0.99926904
      1.0000000     -1.9971588    0.024523079    -0.99926887   0.0037775541     0.99926887
      1.0000000     -1.9971592    0.024518020    -0.99926900   0.0037723579     0.99926900
      1.0000000     -1.9971591    0.024516427    -0.99926899   0.0037674276     0.99926899
      1.0000000     -1.9971596    0.024509992    -0.99926913   0.0037622224     0.99926913
      1.0000000     -1.9971597    0.024507104    -0.99926917   0.0037573020     0.99926917
      1.0000000     -1.9971600    0.024502415    -0.99926925   0.0037522857     0.99926925
      1.0000000     -1.9971604    0.024495295    -0.99926939   0.0037470507     0.99926939
      1.0000000     -1.9971607    0.024489399    -0.99926946   0.0037419716     0.99926946
      1.0000000     -1.9971605    0.024486994    -0.99926945   0.0037371485     0.99926945
      1.0000000     -1.9971611    0.024479325    -0.99926960   0.0037320501     0.99926960
      1.0000000     -1.9971612    0.024474693    -0.99926966   0.0037270710     0.99926966
      1.0000000     -1.9971613    0.024469569    -0.99926970   0.0037220908     0.99926970
      1.0000000     -1.9971613    0.024467855    -0.99926972   0.0037173438     0.99926972
      1.0000000     -1.9971616    0.024463243    -0.99926981   0.0037124827     0.99926981
      1.0000000     -1.9971615    0.024462811    -0.99926980   0.0037079419     0.99926980
      1.0000000     -1.9971618    0.024457306    -0.99926989   0.0037030241     0.99926989
      1.0000000     -1.9971618    0.024455144    -0.99926991   0.0036984162     0.99926991
      1.0000000     -1.9971618    0.024453539    -0.99926990   0.0036938481     0.99926990
      1.0000000     -1.9971622    0.024447455    -0.99927003   0.0036889420     0.99927003
      1.0000000     -1.9971626    0.024440278    -0.99927016   0.0036839839     0.99927016
      1.0000000     -1.9971627    0.024437459    -0.99927020   0.0036793473     0.99927020
      1.0000000     -1.9971628    0.024435642    -0.99927023   0.0036748210     0.99927023
      1.0000000     -1.9971628    0.024433186    -0.99927024   0.0036702857     0.99927024
      1.0000000     -1.9971630    0.024428321    -0.99927031   0.0036655857     0.99927031
      1.0000000     -1.9971629    0.024426542    -0.99927029   0.0036611358     0.99927029
      1.0000000     -1.9971633    0.024420410    -0.99927040   0.0036564438     0.99927040
      1.0000000     -1.9971630    0.024419708    -0.99927034   0.0036521605     0.99927034
      1.0000000     -1.9971632    0.024415538    -0.99927040   0.0036475717     0.99927040
      1.0000000     -1.9971633    0.024412428    -0.99927045   0.0036430248     0.99927045
      1.0000000     -1.9971634    0.024410056    -0.99927049   0.0036386681     0.99927049
      1.0000000     -1.9971632    0.024409641    -0.99927045   0.0036344403     0.99927045
      1.0000000     -1.9971631    0.024409559    -0.99927043   0.0036302350     0.99927043
      1.0000000     -1.9971629    0.024408593    -0.99927039   0.0036259756     0.99927039
      1.0000000     -1.9971628    0.024407187    -0.99927039   0.0036217773     0.99927039
      1.0000000     -1.9971627    0.024405753    -0.99927036   0.0036174698     0.99927036
      1.0000000     -1.9971627    0.024402685    -0.99927039   0.0036130729     0.99927039
      1.0000000     -1.9971625    0.024403280    -0.99927034   0.0036090369     0.99927034
      1.0000000     -1.9971619    0.024406204    -0.99927019   0.0036051784     0.99927019
      1.0000000     -1.9971622    0.024401089    -0.99927027   0.0036007730     0.99927027
      1.0000000     -1.9971621    0.024400075    -0.99927028   0.0035966111     0.99927028
      1.0000000     -1.9971620    0.024397959    -0.99927027   0.0035923943     0.99927027
      1.0000000     -1.9971622    0.024394782    -0.99927032   0.0035882132     0.99927032
      1.0000000     -1.9971622    0.024393948    -0.99927033   0.0035841472     0.99927033
      1.0000000     -1.9971624    0.024389645    -0.99927038   0.0035798747     0.99927038
      1.0000000     -1.9971623    0.024389700    -0.99927036   0.0035759313     0.99927036
      1.0000000     -1.9971624    0.024387453    -0.99927041   0.0035718018     0.99927041
      1.0000000     -1.9971628    0.024381905    -0.99927051   0.0035674414     0.99927051
      1.0000000     -1.9971626    0.024381376    -0.99927047   0.0035634607     0.99927047
      1.0000000     -1.9971627    0.024378679    -0.99927052   0.0035592925     0.99927052
      1.0000000     -1.9971623    0.024379507    -0.99927043   0.0035554290     0.99927043
      1.0000000     -1.9971625    0.024375838    -0.99927049   0.0035512912     0.99927049
      1.0000000     -1.9971625    0.024373109    -0.99927051   0.0035472569     0.99927051
      1.0000000     -1.9971628    0.024369418    -0.99927058   0.0035431811     0.99927058
      1.0000000     -1.9971631    0.024363748    -0.99927069   0.0035389332     0.99927069
      1.0000000     -1.9971635    0.024357834    -0.99927080   0.0035346089     0.99927080
      1.0000000     -1.9971635    0.024355799    -0.99927083   0.0035306269     0.99927083
      1.0000000     -1.9971634    0.024354558    -0.99927080   0.0035267187     0.99927080
      1.0000000     -1.9971636    0.024351719    -0.99927088   0.0035228134     0.99927088
      1.0000000     -1.9971633    0.024354479    -0.99927079   0.0035193429     0.99927079
      1.0000000     -1.9971634    0.024350283    -0.99927084   0.0035152310     0.99927084
      1.0000000     -1.9971631    0.024350776    -0.99927076   0.0035115639     0.99927076
      1.0000000     -1.9971637    0.024344198    -0.99927092   0.0035074014     0.99927092
      1.0000000     -1.9971637    0.024344434    -0.99927093   0.0035039011     0.99927093
      1.0000000     -1.9971638    0.024342682    -0.99927096   0.0035000488     0.99927096
      1.0000000     -1.9971636    0.024342323    -0.99927091   0.0034963724     0.99927091
      1.0000000     -1.9971634    0.024341483    -0.99927088   0.0034926634     0.99927088
      1.0000000     -1.9971635    0.024338674    -0.99927092   0.0034888083     0.99927092
      1.0000000     -1.9971637    0.024334297    -0.99927099   0.0034848636     0.99927099
      1.0000000     -1.9971638    0.024331447    -0.99927104   0.0034810083     0.99927104
      1.0000000     -1.9971639    0.024328862    -0.99927107   0.0034772135     0.99927107
      1.0000000     -1.9971641    0.024324876    -0.99927114   0.0034733094     0.99927114
      1.0000000     -1.9971643    0.024322340    -0.99927118   0.0034696177     0.99927118
      1.0000000     -1.9971645    0.024318543    -0.99927124   0.0034657696     0.99927124
      1.0000000     -1.9971644    0.024316889    -0.99927125   0.0034620995     0.99927125
      1.0000000     -1.9971648    0.024311799    -0.99927135   0.0034582683     0.99927135
      1.0000000     -1.9971643    0.024313542    -0.99927123   0.0034548871     0.99927123
      1.0000000     -1.9971641    0.024312927    -0.99927119   0.0034512918     0.99927119
      1.0000000     -1.9971640    0.024311604    -0.99927117   0.0034477121     0.99927117
      1.0000000     -1.9971644    0.024306618    -0.99927126   0.0034439224     0.99927126
      1.0000000     -1.9971641    0.024305885    -0.99927120   0.0034405229     0.99927120
      1.0000000     -1.9971642    0.024302853    -0.99927123   0.0034368115     0.99927123
      1.0000000     -1.9971639    0.024303154    -0.99927118   0.0034333883     0.99927118
      1.0000000     -1.9971641    0.024300518    -0.99927122   0.0034297824     0.99927122
      1.0000000     -1.9971641    0.024297756    -0.99927124   0.0034261665     0.99927124
      1.0000000     -1.9971642    0.024294653    -0.99927128   0.0034225339     0.99927128
      1.0000000     -1.9971642    0.024292419    -0.99927130   0.0034189223     0.99927130
      1.0000000     -1.9971641    0.024290444    -0.99927128   0.0034153888     0.99927128
      1.0000000     -1.9971639    0.024289557    -0.99927124   0.0034119895     0.99927124
      1.0000000     -1.9971642    0.024284741    -0.99927132   0.0034083343     0.99927132
      1.0000000     -1.9971640    0.024284874    -0.99927129   0.0034050033     0.99927129
      1.0000000     -1.9971635    0.024287444    -0.99927118   0.0034017628     0.99927118
      1.0000000     -1.9971635    0.024285781    -0.99927119   0.0033983094     0.99927119
      1.0000000     -1.9971637    0.024282333    -0.99927124   0.0033948280     0.99927124
      1.0000000     -1.9971633    0.024283946    -0.99927116   0.0033916104     0.99927116
      1.0000000     -1.9971632    0.024282765    -0.99927115   0.0033882429     0.99927115
      1.0000000     -1.9971633    0.024281504    -0.99927120   0.0033848645     0.99927120
      1.0000000     -1.9971633    0.024279414    -0.99927118   0.0033814914     0.99927118
      1.0000000     -1.9971634    0.024275943    -0.99927123   0.0033780054     0.99927123
      1.0000000     -1.9971634    0.024273321    -0.99927125   0.0033745921     0.99927125
      1.0000000     -1.9971636    0.024269486    -0.99927129   0.0033710904     0.99927129
      1.0000000     -1.9971632    0.024271362    -0.99927120   0.0033680381     0.99927120
      1.0000000     -1.9971629    0.024271231    -0.99927116   0.0033647954     0.99927116
      1.0000000     -1.9971629    0.024269697    -0.99927116   0.0033614918     0.99927116
      1.0000000     -1.9971629    0.024267315    -0.99927117   0.0033581553     0.99927117
      1.0000000     -1.9971624    0.024269899    -0.99927106   0.0033551676     0.99927106
      1.0000000     -1.9971624    0.024269617    -0.99927105   0.0033520000     0.99927105
      1.0000000     -1.9971627    0.024264866    -0.99927114   0.0033485458     0.99927114
      1.0000000     -1.9971629    0.024261721    -0.99927120   0.0033452356     0.99927120
      1.0000000     -1.9971632    0.024257950    -0.99927128   0.0033419226     0.99927128
      1.0000000     -1.9971632    0.024256463    -0.99927128   0.0033387905     0.99927128
      1.0000000     -1.9971634    0.024254026    -0.99927133   0.0033355995     0.99927133
      1.0000000     -1.9971635    0.024251458    -0.99927138   0.0033323163     0.99927138
      1.0000000     -1.9971631    0.024252822    -0.99927128   0.0033292977     0.99927128
      1.0000000     -1.9971630    0.024252060    -0.99927127   0.0033262599     0.99927127
      1.0000000     -1.9971633    0.024248235    -0.99927133   0.0033229745     0.99927133
      1.0000000     -1.9971631    0.024247895    -0.99927130   0.0033199346     0.99927130
      1.0000000     -1.9971631    0.024245970    -0.99927132   0.0033167424     0.99927132
      1.0000000     -1.9971632    0.024242827    -0.99927135   0.0033134958     0.99927135
      1.0000000     -1.9971633    0.024239899    -0.99927139   0.0033103166     0.99927139
      1.0000000     -1.9971632    0.024239250    -0.99927137   0.0033072879     0.99927137
      1.0000000     -1.9971629    0.024240222    -0.99927130   0.0033043768     0.99927130
      1.0000000     -1.9971631    0.024236688    -0.99927136   0.0033011109     0.99927136
      1.0000000     -1.9971631    0.024235304    -0.99927138   0.0032980761     0.99927138
      1.0000000     -1.9971634    0.024229410    -0.99927147   0.0032947080     0.99927147
      1.0000000     -1.9971633    0.024228682    -0.99927146   0.0032916708     0.99927146
      1.0000000     -1.9971634    0.024226670    -0.99927147   0.0032886049     0.99927147
      1.0000000     -1.9971637    0.024221718    -0.99927158   0.0032853389     0.99927158
      1.0000000     -1.9971635    0.024221039    -0.99927154   0.0032823609     0.99927154
      1.0000000     -1.9971637    0.024217070    -0.99927159   0.0032791992     0.99927159
      1.0000000     -1.9971634    0.024218527    -0.99927151   0.0032764345     0.99927151
      1.0000000     -1.9971635    0.024216349    -0.99927155   0.0032735160     0.99927155
      1.0000000     -1.9971637    0.024213575    -0.99927160   0.0032705059     0.99927160
      1.0000000     -1.9971638    0.024210734    -0.99927162   0.0032674422     0.99927162
      1.0000000     -1.9971637    0.024210101    -0.99927162   0.0032645895     0.99927162
      1.0000000     -1.9971639    0.024207354    -0.99927167   0.0032615516     0.99927167
      1.0000000     -1.9971639    0.024205152    -0.99927169   0.0032585415     0.99927169
      1.0000000     -1.9971638    0.024204881    -0.99927166   0.0032557117     0.99927166
      1.0000000     -1.9971635    0.024204852    -0.99927161   0.0032528774     0.99927161
      1.0000000     -1.9971628    0.024210418    -0.99927143   0.0032504431     0.99927143
      1.0000000     -1.9971628    0.024209547    -0.99927143   0.0032475619     0.99927143
      1.0000000     -1.9971627    0.024208719    -0.99927142   0.0032447004     0.99927142
      1.0000000     -1.9971627    0.024206455    -0.99927144   0.0032417648     0.99927144
      1.0000000     -1.9971624    0.024207280    -0.99927138   0.0032390500     0.99927138
      1.0000000     -1.9971626    0.024204581    -0.99927141   0.0032361329     0.99927141
      1.0000000     -1.9971624    0.024205089    -0.99927137   0.0032334698     0.99927137
      1.0000000     -1.9971625    0.024201604    -0.99927143   0.0032304674     0.99927143
      1.0000000     -1.9971624    0.024200569    -0.99927140   0.0032276538     0.99927140
      1.0000000     -1.9971623    0.024200085    -0.99927137   0.0032250027     0.99927137
      1.0000000     -1.9971622    0.024199863    -0.99927136   0.0032222562     0.99927136
      1.0000000     -1.9971623    0.024197800    -0.99927139   0.0032194067     0.99927139
      1.0000000     -1.9971621    0.024197862    -0.99927135   0.0032167445     0.99927135
      1.0000000     -1.9971622    0.024196522    -0.99927138   0.0032139162     0.99927138
      1.0000000     -1.9971625    0.024192636    -0.99927146   0.0032110085     0.99927146
      1.0000000     -1.9971625    0.024190850    -0.99927148   0.0032082559     0.99927148
      1.0000000     -1.9971629    0.024185751    -0.99927160   0.0032051962     0.99927160
      1.0000000     -1.9971632    0.024181662    -0.99927168   0.0032022561     0.99927168
      1.0000000     -1.9971631    0.024181798    -0.99927164   0.0031996957     0.99927164
      1.0000000     -1.9971632    0.024179512    -0.99927166   0.0031970646     0.99927166
      1.0000000     -1.9971629    0.024181008    -0.99927159   0.0031945310     0.99927159
      1.0000000     -1.9971628    0.024180123    -0.99927159   0.0031918331     0.99927159
      1.0000000     -1.9971624    0.024181160    -0.99927151   0.0031893324     0.99927151
      1.0000000     -1.9971628    0.024177483    -0.99927161   0.0031864578     0.99927161
      1.0000000     -1.9971632    0.024172029    -0.99927173   0.0031834988     0.99927173
      1.0000000     -1.9971634    0.024169103    -0.99927179   0.0031806733     0.99927179
      1.0000000     -1.9971631    0.024169589    -0.99927173   0.0031781194     0.99927173
      1.0000000     -1.9971633    0.024167359    -0.99927178   0.0031753583     0.99927178
      1.0000000     -1.9971633    0.024166766    -0.99927179   0.0031727029     0.99927179
      1.0000000     -1.9971633    0.024164768    -0.99927181   0.0031700167     0.99927181
      1.0000000     -1.9971632    0.024163613    -0.99927178   0.0031674106     0.99927178
      1.0000000     -1.9971634    0.024162254    -0.99927183   0.0031648813     0.99927183
      1.0000000     -1.9971635    0.024158743    -0.99927187   0.0031621325     0.99927187
      1.0000000     -1.9971638    0.024154854    -0.99927197   0.0031593423     0.99927197
      1.0000000     -1.9971637    0.024155657    -0.99927193   0.0031570417     0.99927193
      1.0000000     -1.9971635    0.024156081    -0.99927188   0.0031545640     0.99927188
      1.0000000     -1.9971636    0.024154330    -0.99927191   0.0031519730     0.99927191
      1.0000000     -1.9971635    0.024153421    -0.99927191   0.0031494421     0.99927191
      1.0000000     -1.9971636    0.024150973    -0.99927193   0.0031467885     0.99927193
      1.0000000     -1.9971637    0.024149152    -0.99927197   0.0031441982     0.99927197
      1.0000000     -1.9971637    0.024148710    -0.99927198   0.0031417443     0.99927198
      1.0000000     -1.9971639    0.024143962    -0.99927204   0.0031390332     0.99927204
      1.0000000     -1.9971641    0.024140567    -0.99927208   0.0031363377     0.99927208
      1.0000000     -1.9971643    0.024137548    -0.99927215   0.0031336575     0.99927215
      1.0000000     -1.9971640    0.024138181    -0.99927210   0.0031312109     0.99927210
      1.0000000     -1.9971644    0.024133102    -0.99927221   0.0031284263     0.99927221
      1.0000000     -1.9971645    0.024130981    -0.99927224   0.0031258812     0.99927224
      1.0000000     -1.9971644    0.024131429    -0.99927220   0.0031235391     0.99927220
      1.0000000     -1.9971643    0.024130309    -0.99927221   0.0031210668     0.99927221
      1.0000000     -1.9971643    0.024129112    -0.99927222   0.0031185881     0.99927222
      1.0000000     -1.9971646    0.024125034    -0.99927230   0.0031159000     0.99927230
      1.0000000     -1.9971643    0.024125934    -0.99927223   0.0031136287     0.99927223
      1.0000000     -1.9971645    0.024123323    -0.99927228   0.0031110773     0.99927228
      1.0000000     -1.9971646    0.024121020    -0.99927232   0.0031085781     0.99927232
      1.0000000     -1.9971648    0.024118336    -0.99927235   0.0031060552     0.99927235
      1.0000000     -1.9971646    0.024117107    -0.99927232   0.0031036101     0.99927232
      1.0000000     -1.9971648    0.024114474    -0.99927239   0.0031010967     0.99927239
      1.0000000     -1.9971649    0.024111501    -0.99927241   0.0030985973     0.99927241
      1.0000000     -1.9971648    0.024111773    -0.99927238   0.0030963280     0.99927238
      1.0000000     -1.9971648    0.024109628    -0.99927241   0.0030938403     0.99927241
      1.0000000     -1.9971650    0.024107872    -0.99927247   0.0030913783     0.99927247
      1.0000000     -1.9971651    0.024105041    -0.99927250   0.0030888627     0.99927250
      1.0000000     -1.9971651    0.024105252    -0.99927251   0.0030865866     0.99927251
      1.0000000     -1.9971652    0.024104037    -0.99927254   0.0030841710     0.99927254
      1.0000000     -1.9971654    0.024100569    -0.99927260   0.0030816897     0.99927260
      1.0000000     -1.9971653    0.024101027    -0.99927257   0.0030794994     0.99927257
      1.0000000     -1.9971654    0.024098264    -0.99927262   0.0030770415     0.99927262
      1.0000000     -1.9971657    0.024095788    -0.99927269   0.0030745969     0.99927269
      1.0000000     -1.9971658    0.024093715    -0.99927272   0.0030721680     0.99927272
      1.0000000     -1.9971657    0.024093157    -0.99927272   0.0030698508     0.99927272
      1.0000000     -1.9971656    0.024092099    -0.99927270   0.0030675717     0.99927270
      1.0000000     -1.9971660    0.024088049    -0.99927281   0.0030650727     0.99927281
      1.0000000     -1.9971662    0.024085985    -0.99927287   0.0030627957     0.99927287
      1.0000000     -1.9971663    0.024084532    -0.99927289   0.0030604625     0.99927289
      1.0000000     -1.9971662    0.024084322    -0.99927289   0.0030582324     0.99927289
      1.0000000     -1.9971663    0.024082633    -0.99927292   0.0030559584     0.99927292
      1.0000000     -1.9971667    0.024078498    -0.99927303   0.0030534741     0.99927303
      1.0000000     -1.9971669    0.024077254    -0.99927307   0.0030512016     0.99927307
      1.0000000     -1.9971670    0.024075979    -0.99927309   0.0030489793     0.99927309
      1.0000000     -1.9971671    0.024073985    -0.99927313   0.0030466551     0.99927313
      1.0000000     -1.9971670    0.024073735    -0.99927311   0.0030445530     0.99927311
      1.0000000     -1.9971669    0.024072637    -0.99927310   0.0030422552     0.99927310
      1.0000000     -1.9971671    0.024069414    -0.99927316   0.0030398719     0.99927316
      1.0000000     -1.9971673    0.024067468    -0.99927320   0.0030376468     0.99927320
      1.0000000     -1.9971676    0.024062711    -0.99927330   0.0030351353     0.99927330
      1.0000000     -1.9971678    0.024059163    -0.99927336   0.0030327506     0.99927336
      1.0000000     -1.9971680    0.024055934    -0.99927341   0.0030304193     0.99927341
      1.0000000     -1.9971680    0.024055546    -0.99927342   0.0030282686     0.99927342
      1.0000000     -1.9971678    0.024056498    -0.99927337   0.0030262052     0.99927337
      1.0000000     -1.9971676    0.024056882    -0.99927331   0.0030241649     0.99927331
      1.0000000     -1.9971676    0.024054622    -0.99927334   0.0030218928     0.99927334
      1.0000000     -1.9971676    0.024053187    -0.99927334   0.0030196794     0.99927334
      1.0000000     -1.9971674    0.024052513    -0.99927330   0.0030175823     0.99927330
      1.0000000     -1.9971677    0.024049997    -0.99927336   0.0030153409     0.99927336
      1.0000000     -1.9971676    0.024050464    -0.99927334   0.0030132763     0.99927334
      1.0000000     -1.9971676    0.024049761    -0.99927337   0.0030111618     0.99927337
      1.0000000     -1.9971675    0.024049087    -0.99927334   0.0030091544     0.99927334
      1.0000000     -1.9971674    0.024049154    -0.99927331   0.0030071117     0.99927331
      1.0000000     -1.9971672    0.024050537    -0.99927327   0.0030051185     0.99927327
      1.0000000     -1.9971675    0.024047004    -0.99927335   0.0030028543     0.99927335
      1.0000000     -1.9971676    0.024045326    -0.99927337   0.0030007035     0.99927337
      1.0000000     -1.9971677    0.024043841    -0.99927340   0.0029985922     0.99927340
      1.0000000     -1.9971677    0.024041573    -0.99927342   0.0029963952     0.99927342
      1.0000000     -1.9971676    0.024041521    -0.99927340   0.0029944034     0.99927340
      1.0000000     -1.9971674    0.024041830    -0.99927335   0.0029923973     0.99927335
      1.0000000     -1.9971674    0.024040858    -0.99927335   0.0029903372     0.99927335
      1.0000000     -1.9971673    0.024039377    -0.99927333   0.0029882329     0.99927333
      1.0000000     -1.9971673    0.024038002    -0.99927335   0.0029861731     0.99927335
      1.0000000     -1.9971672    0.024036732    -0.99927332   0.0029840911     0.99927332
      1.0000000     -1.9971669    0.024038569    -0.99927323   0.0029822728     0.99927323
      1.0000000     -1.9971667    0.024038545    -0.99927321   0.0029802977     0.99927321
      1.0000000     -1.9971668    0.024036502    -0.99927324   0.0029781969     0.99927324
      1.0000000     -1.9971666    0.024036939    -0.99927319   0.0029762372     0.99927319
      1.0000000     -1.9971665    0.024037464    -0.99927317   0.0029744125     0.99927317
      1.0000000     -1.9971665    0.024036070    -0.99927318   0.0029723323     0.99927318
      1.0000000     -1.9971664    0.024035127    -0.99927316   0.0029702953     0.99927316
      1.0000000     -1.9971665    0.024034775    -0.99927317   0.0029683876     0.99927317
      1.0000000     -1.9971663    0.024035961    -0.99927313   0.0029666120     0.99927313
      1.0000000     -1.9971662    0.024036093    -0.99927311   0.0029646710     0.99927311
      1.0000000     -1.9971662    0.024034982    -0.99927310   0.0029627035     0.99927310
      1.0000000     -1.9971661    0.024034682    -0.99927308   0.0029607505     0.99927308
      1.0000000     -1.9971658    0.024034759    -0.99927302   0.0029588550     0.99927302
      1.0000000     -1.9971656    0.024035324    -0.99927297   0.0029570031     0.99927297
      1.0000000     -1.9971657    0.024034270    -0.99927300   0.0029550196     0.99927300
      1.0000000     -1.9971657    0.024032954    -0.99927300   0.0029530685     0.99927300
      1.0000000     -1.9971657    0.024031791    -0.99927301   0.0029511024     0.99927301
      1.0000000     -1.9971656    0.024031200    -0.99927300   0.0029491261     0.99927300
      1.0000000     -1.9971658    0.024028292    -0.99927306   0.0029470262     0.99927306
      1.0000000     -1.9971658    0.024026684    -0.99927306   0.0029450321     0.99927306
      1.0000000     -1.9971659    0.024025179    -0.99927309   0.0029430155     0.99927309
      1.0000000     -1.9971658    0.024025859    -0.99927306   0.0029411833     0.99927306
      1.0000000     -1.9971656    0.024026016    -0.99927303   0.0029393311     0.99927303
      1.0000000     -1.9971657    0.024023610    -0.99927306   0.0029373236     0.99927306
      1.0000000     -1.9971657    0.024023509    -0.99927306   0.0029354636     0.99927306
      1.0000000     -1.9971656    0.024023462    -0.99927304   0.0029336410     0.99927304
      1.0000000     -1.9971654    0.024024143    -0.99927298   0.0029318647     0.99927298
      1.0000000     -1.9971656    0.024021464    -0.99927304   0.0029298654     0.99927304
      1.0000000     -1.9971653    0.024021659    -0.99927298   0.0029280365     0.99927298
      1.0000000     -1.9971653    0.024021781    -0.99927297   0.0029262114     0.99927297
      1.0000000     -1.9971653    0.024021622    -0.99927298   0.0029243856     0.99927298
      1.0000000     -1.9971653    0.024020223    -0.99927299   0.0029224661     0.99927299
      1.0000000     -1.9971653    0.024019145    -0.99927299   0.0029206346     0.99927299
      1.0000000     -1.9971652    0.024018525    -0.99927298   0.0029187625     0.99927298
      1.0000000     -1.9971651    0.024018529    -0.99927296   0.0029169567     0.99927296
      1.0000000     -1.9971652    0.024016769    -0.99927299   0.0029149958     0.99927299
      1.0000000     -1.9971652    0.024015295    -0.99927300   0.0029131099     0.99927300
      1.0000000     -1.9971650    0.024015633    -0.99927296   0.0029113114     0.99927296
      1.0000000     -1.9971651    0.024013611    -0.99927298   0.0029093447     0.99927298
      1.0000000     -1.9971653    0.024011207    -0.99927304   0.0029074138     0.99927304
      1.0000000     -1.9971651    0.024012184    -0.99927300   0.0029057070     0.99927300
      1.0000000     -1.9971654    0.024008831    -0.99927308   0.0029037233     0.99927308
      1.0000000     -1.9971653    0.024008116    -0.99927307   0.0029018846     0.99927307
      1.0000000     -1.9971653    0.024007951    -0.99927306   0.0029001179     0.99927306
      1.0000000     -1.9971652    0.024007883    -0.99927306   0.0028983819     0.99927306
      1.0000000     -1.9971653    0.024006397    -0.99927308   0.0028965075     0.99927308
      1.0000000     -1.9971652    0.024006897    -0.99927306   0.0028947750     0.99927306
      1.0000000     -1.9971655    0.024003469    -0.99927314   0.0028928082     0.99927314
      1.0000000     -1.9971653    0.024003347    -0.99927308   0.0028911106     0.99927308
      1.0000000     -1.9971655    0.024000951    -0.99927315   0.0028891866     0.99927315
      1.0000000     -1.9971654    0.023999668    -0.99927314   0.0028873326     0.99927314
      1.0000000     -1.9971651    0.024000995    -0.99927306   0.0028856759     0.99927306
      1.0000000     -1.9971650    0.024000779    -0.99927305   0.0028840002     0.99927305
      1.0000000     -1.9971650    0.024000693    -0.99927304   0.0028823054     0.99927304
      1.0000000     -1.9971649    0.023999872    -0.99927303   0.0028805507     0.99927303
      1.0000000     -1.9971650    0.023997948    -0.99927305   0.0028787138     0.99927305
      1.0000000     -1.9971646    0.023999278    -0.99927297   0.0028770824     0.99927297
      1.0000000     -1.9971648    0.023997300    -0.99927301   0.0028752506     0.99927301
      1.0000000     -1.9971648    0.023995247    -0.99927303   0.0028734416     0.99927303
      1.0000000     -1.9971649    0.023993315    -0.99927305   0.0028716112     0.99927305
      1.0000000     -1.9971653    0.023988838    -0.99927315   0.0028696379     0.99927315
      1.0000000     -1.9971653    0.023987582    -0.99927316   0.0028678544     0.99927316
      1.0000000     -1.9971654    0.023986531    -0.99927319   0.0028660928     0.99927319
      1.0000000     -1.9971652    0.023986095    -0.99927316   0.0028644020     0.99927316
      1.0000000     -1.9971652    0.023985448    -0.99927315   0.0028627068     0.99927315
      1.0000000     -1.9971652    0.023984162    -0.99927316   0.0028609250     0.99927316
      1.0000000     -1.9971652    0.023984000    -0.99927317   0.0028592201     0.99927317
      1.0000000     -1.9971654    0.023981796    -0.99927323   0.0028573838     0.99927323
      1.0000000     -1.9971655    0.023979901    -0.99927326   0.0028556000     0.99927326
      1.0000000     -1.9971656    0.023978289    -0.99927329   0.0028538356     0.99927329
      1.0000000     -1.9971655    0.023977469    -0.99927328   0.0028521503     0.99927328
      1.0000000     -1.9971656    0.023975794    -0.99927331   0.0028503989     0.99927331
      1.0000000     -1.9971656    0.023976360    -0.99927330   0.0028487990     0.99927330
      1.0000000     -1.9971654    0.023976696    -0.99927327   0.0028471925     0.99927327
      1.0000000     -1.9971653    0.023975520    -0.99927326   0.0028454644     0.99927326
      1.0000000     -1.9971655    0.023973002    -0.99927329   0.0028436552     0.99927329
      1.0000000     -1.9971653    0.023973634    -0.99927326   0.0028421037     0.99927326
      1.0000000     -1.9971654    0.023972536    -0.99927328   0.0028403808     0.99927328
      1.0000000     -1.9971655    0.023971778    -0.99927331   0.0028387353     0.99927331
      1.0000000     -1.9971654    0.023971862    -0.99927329   0.0028371820     0.99927329
      1.0000000     -1.9971654    0.023970786    -0.99927330   0.0028355285     0.99927330
      1.0000000     -1.9971655    0.023968673    -0.99927332   0.0028338169     0.99927332
      1.0000000     -1.9971657    0.023966439    -0.99927338   0.0028320186     0.99927338
      1.0000000     -1.9971655    0.023967653    -0.99927335   0.0028305641     0.99927335
      1.0000000     -1.9971655    0.023966911    -0.99927334   0.0028289460     0.99927334
      1.0000000     -1.9971655    0.023965467    -0.99927335   0.0028273136     0.99927335
      1.0000000     -1.9971656    0.023964180    -0.99927337   0.0028256634     0.99927337
      1.0000000     -1.9971656    0.023963894    -0.99927336   0.0028240864     0.99927336
      1.0000000     -1.9971656    0.023963006    -0.99927338   0.0028224387     0.99927338
      1.0000000     -1.9971655    0.023963462    -0.99927335   0.0028209326     0.99927335
      1.0000000     -1.9971654    0.023962017    -0.99927335   0.0028193031     0.99927335
      1.0000000     -1.9971655    0.023961711    -0.99927336   0.0028177264     0.99927336
      1.0000000     -1.9971655    0.023960420    -0.99927338   0.0028161065     0.99927338
      1.0000000     -1.9971655    0.023959353    -0.99927339   0.0028145087     0.99927339
      1.0000000     -1.9971654    0.023960659    -0.99927334   0.0028130894     0.99927334
      1.0000000     -1.9971651    0.023961522    -0.99927329   0.0028116231     0.99927329
      1.0000000     -1.9971652    0.023960360    -0.99927330   0.0028099637     0.99927330
      1.0000000     -1.9971649    0.023962603    -0.99927324   0.0028085717     0.99927324
      1.0000000     -1.9971647    0.023962693    -0.99927321   0.0028070182     0.99927321
      1.0000000     -1.9971646    0.023963431    -0.99927317   0.0028055820     0.99927317
      1.0000000     -1.9971643    0.023964759    -0.99927310   0.0028042324     0.99927310
      1.0000000     -1.9971643    0.023963380    -0.99927311   0.0028026058     0.99927311
      1.0000000     -1.9971643    0.023962734    -0.99927312   0.0028010209     0.99927312
      1.0000000     -1.9971643    0.023961922    -0.99927312   0.0027994500     0.99927312
      1.0000000     -1.9971643    0.023961696    -0.99927313   0.0027979199     0.99927313
      1.0000000     -1.9971643    0.023961062    -0.99927314   0.0027963529     0.99927314
      1.0000000     -1.9971645    0.023958437    -0.99927319   0.0027946562     0.99927319
      1.0000000     -1.9971645    0.023957144    -0.99927319   0.0027930729     0.99927319
      1.0000000     -1.9971645    0.023956269    -0.99927320   0.0027915208     0.99927320
      1.0000000     -1.9971645    0.023955064    -0.99927322   0.0027899507     0.99927322
      1.0000000     -1.9971645    0.023955008    -0.99927320   0.0027884866     0.99927320
      1.0000000     -1.9971644    0.023953337    -0.99927320   0.0027868751     0.99927320
      1.0000000     -1.9971646    0.023951745    -0.99927324   0.0027853824     0.99927324
      1.0000000     -1.9971646    0.023951892    -0.99927325   0.0027839128     0.99927325
      1.0000000     -1.9971645    0.023950770    -0.99927323   0.0027823523     0.99927323
      1.0000000     -1.9971645    0.023950195    -0.99927323   0.0027808645     0.99927323
      1.0000000     -1.9971647    0.023947177    -0.99927329   0.0027791762     0.99927329
      1.0000000     -1.9971645    0.023947762    -0.99927324   0.0027777721     0.99927324
      1.0000000     -1.9971644    0.023947749    -0.99927322   0.0027763197     0.99927322
      1.0000000     -1.9971642    0.023948170    -0.99927317   0.0027749405     0.99927317
      1.0000000     -1.9971643    0.023946437    -0.99927320   0.0027733777     0.99927320
      1.0000000     -1.9971644    0.023944318    -0.99927323   0.0027717646     0.99927323
      1.0000000     -1.9971645    0.023943145    -0.99927327   0.0027702618     0.99927327
      1.0000000     -1.9971643    0.023944716    -0.99927322   0.0027689646     0.99927322
      1.0000000     -1.9971644    0.023942577    -0.99927326   0.0027673459     0.99927326
      1.0000000     -1.9971643    0.023942356    -0.99927323   0.0027659065     0.99927323
      1.0000000     -1.9971640    0.023944207    -0.99927316   0.0027647311     0.99927316
      1.0000000     -1.9971642    0.023942321    -0.99927320   0.0027631846     0.99927320
      1.0000000     -1.9971641    0.023942420    -0.99927318   0.0027617795     0.99927318
      1.0000000     -1.9971639    0.023942980    -0.99927313   0.0027604251     0.99927313
      1.0000000     -1.9971639    0.023942894    -0.99927315   0.0027589815     0.99927315
      1.0000000     -1.9971639    0.023943026    -0.99927314   0.0027575648     0.99927314
      1.0000000     -1.9971637    0.023943146    -0.99927311   0.0027561695     0.99927311
      1.0000000     -1.9971638    0.023943504    -0.99927312   0.0027548002     0.99927312
      1.0000000     -1.9971637    0.023942805    -0.99927310   0.0027533867     0.99927310
      1.0000000     -1.9971636    0.023943106    -0.99927308   0.0027520034     0.99927308
      1.0000000     -1.9971634    0.023943873    -0.99927304   0.0027506619     0.99927304
      1.0000000     -1.9971636    0.023941372    -0.99927310   0.0027490701     0.99927310
      1.0000000     -1.9971638    0.023938865    -0.99927315   0.0027475412     0.99927315
      1.0000000     -1.9971638    0.023937496    -0.99927316   0.0027460825     0.99927316
      1.0000000     -1.9971638    0.023938299    -0.99927315   0.0027448431     0.99927315
      1.0000000     -1.9971639    0.023935854    -0.99927319   0.0027433285     0.99927319
      1.0000000     -1.9971642    0.023933153    -0.99927325   0.0027417879     0.99927325
      1.0000000     -1.9971641    0.023932356    -0.99927325   0.0027403637     0.99927325
      1.0000000     -1.9971643    0.023930106    -0.99927329   0.0027388361     0.99927329
      1.0000000     -1.9971642    0.023929969    -0.99927327   0.0027374888     0.99927327
      1.0000000     -1.9971643    0.023927903    -0.99927330   0.0027359901     0.99927330
      1.0000000     -1.9971641    0.023929497    -0.99927325   0.0027347556     0.99927325
      1.0000000     -1.9971643    0.023927643    -0.99927330   0.0027332809     0.99927330
      1.0000000     -1.9971641    0.023928195    -0.99927327   0.0027320612     0.99927327
      1.0000000     -1.9971642    0.023926314    -0.99927330   0.0027305553     0.99927330
      1.0000000     -1.9971639    0.023928002    -0.99927322   0.0027293174     0.99927322
      1.0000000     -1.9971638    0.023927885    -0.99927321   0.0027280011     0.99927321
      1.0000000     -1.9971640    0.023926229    -0.99927325   0.0027265171     0.99927325
      1.0000000     -1.9971641    0.023924631    -0.99927329   0.0027250561     0.99927329
      1.0000000     -1.9971642    0.023922416    -0.99927332   0.0027235920     0.99927332
      1.0000000     -1.9971642    0.023921964    -0.99927332   0.0027222098     0.99927332
      1.0000000     -1.9971642    0.023920761    -0.99927334   0.0027207645     0.99927334
      1.0000000     -1.9971639    0.023922072    -0.99927327   0.0027195736     0.99927327
      1.0000000     -1.9971639    0.023921870    -0.99927326   0.0027182394     0.99927326
      1.0000000     -1.9971638    0.023921787    -0.99927326   0.0027168928     0.99927326
      1.0000000     -1.9971638    0.023920290    -0.99927327   0.0027154610     0.99927327
      1.0000000     -1.9971638    0.023919262    -0.99927326   0.0027140826     0.99927326
      1.0000000     -1.9971636    0.023919827    -0.99927322   0.0027127991     0.99927322
      1.0000000     -1.9971635    0.023919473    -0.99927321   0.0027114935     0.99927321
      1.0000000     -1.9971634    0.023920532    -0.99927316   0.0027103673     0.99927316
      1.0000000     -1.9971635    0.023920064    -0.99927319   0.0027090312     0.99927319
      1.0000000     -1.9971635    0.023919023    -0.99927320   0.0027076883     0.99927320
      1.0000000     -1.9971634    0.023918475    -0.99927319   0.0027063321     0.99927319
      1.0000000     -1.9971636    0.023916978    -0.99927324   0.0027049582     0.99927324
      1.0000000     -1.9971639    0.023913990    -0.99927332   0.0027034708     0.99927332
      1.0000000     -1.9971637    0.023914425    -0.99927328   0.0027022285     0.99927328
      1.0000000     -1.9971640    0.023911393    -0.99927335   0.0027007810     0.99927335
      1.0000000     -1.9971638    0.023912332    -0.99927331   0.0026995861     0.99927331
      1.0000000     -1.9971640    0.023909692    -0.99927336   0.0026981494     0.99927336
      1.0000000     -1.9971642    0.023907904    -0.99927341   0.0026967626     0.99927341
      1.0000000     -1.9971642    0.023906238    -0.99927343   0.0026953912     0.99927343
      1.0000000     -1.9971643    0.023905031    -0.99927344   0.0026940285     0.99927344
      1.0000000     -1.9971642    0.023905239    -0.99927343   0.0026927729     0.99927343
      1.0000000     -1.9971643    0.023904105    -0.99927347   0.0026914338     0.99927347
      1.0000000     -1.9971641    0.023905326    -0.99927342   0.0026903112     0.99927342
      1.0000000     -1.9971641    0.023904656    -0.99927343   0.0026889966     0.99927343
      1.0000000     -1.9971640    0.023904612    -0.99927341   0.0026877289     0.99927341
      1.0000000     -1.9971642    0.023902381    -0.99927346   0.0026863022     0.99927346
      1.0000000     -1.9971641    0.023901992    -0.99927345   0.0026850224     0.99927345
      1.0000000     -1.9971641    0.023902373    -0.99927343   0.0026838232     0.99927343
      1.0000000     -1.9971638    0.023903838    -0.99927337   0.0026827058     0.99927337
      1.0000000     -1.9971639    0.023903097    -0.99927339   0.0026814822     0.99927339
      1.0000000     -1.9971640    0.023901923    -0.99927341   0.0026801750     0.99927341
      1.0000000     -1.9971636    0.023904785    -0.99927332   0.0026791281     0.99927332
      1.0000000     -1.9971636    0.023903582    -0.99927334   0.0026778004     0.99927334
      1.0000000     -1.9971637    0.023902594    -0.99927337   0.0026765122     0.99927337
      1.0000000     -1.9971637    0.023903427    -0.99927335   0.0026753890     0.99927335
      1.0000000     -1.9971635    0.023904481    -0.99927330   0.0026742645     0.99927330
      1.0000000     -1.9971634    0.023904325    -0.99927330   0.0026730406     0.99927330
      1.0000000     -1.9971634    0.023904078    -0.99927330   0.0026718114     0.99927330
      1.0000000     -1.9971634    0.023903899    -0.99927329   0.0026705913     0.99927329
      1.0000000     -1.9971633    0.023903652    -0.99927329   0.0026693309     0.99927329
      1.0000000     -1.9971635    0.023902131    -0.99927333   0.0026680074     0.99927333
      1.0000000     -1.9971634    0.023902070    -0.99927332   0.0026667973     0.99927332
      1.0000000     -1.9971633    0.023902507    -0.99927329   0.0026656210     0.99927329
      1.0000000     -1.9971634    0.023901370    -0.99927332   0.0026643612     0.99927332
      1.0000000     -1.9971635    0.023900214    -0.99927334   0.0026631014     0.99927334
      1.0000000     -1.9971632    0.023900511    -0.99927329   0.0026619138     0.99927329
      1.0000000     -1.9971632    0.023899768    -0.99927329   0.0026606431     0.99927329
      1.0000000     -1.9971633    0.023897913    -0.99927333   0.0026593270     0.99927333
      1.0000000     -1.9971634    0.023896376    -0.99927335   0.0026580495     0.99927335
      1.0000000     -1.9971633    0.023896586    -0.99927334   0.0026568583     0.99927334
      1.0000000     -1.9971634    0.023895753    -0.99927334   0.0026556372     0.99927334
      1.0000000     -1.9971634    0.023895203    -0.99927335   0.0026544818     0.99927335
      1.0000000     -1.9971634    0.023894808    -0.99927336   0.0026533174     0.99927336
      1.0000000     -1.9971637    0.023891675    -0.99927342   0.0026519307     0.99927342
      1.0000000     -1.9971639    0.023889582    -0.99927347   0.0026506205     0.99927347
      1.0000000     -1.9971638    0.023888907    -0.99927347   0.0026494535     0.99927347
      1.0000000     -1.9971638    0.023888507    -0.99927347   0.0026482600     0.99927347
      1.0000000     -1.9971636    0.023890667    -0.99927341   0.0026472258     0.99927341
      1.0000000     -1.9971636    0.023890807    -0.99927343   0.0026460989     0.99927343
      1.0000000     -1.9971635    0.023890876    -0.99927342   0.0026449249     0.99927342
      1.0000000     -1.9971634    0.023892062    -0.99927337   0.0026438686     0.99927337
      1.0000000     -1.9971633    0.023891375    -0.99927337   0.0026426837     0.99927337
      1.0000000     -1.9971633    0.023892066    -0.99927335   0.0026415798     0.99927335
      1.0000000     -1.9971633    0.023890829    -0.99927338   0.0026403413     0.99927338
      1.0000000     -1.9971632    0.023891646    -0.99927333   0.0026392609     0.99927333
      1.0000000     -1.9971631    0.023890995    -0.99927333   0.0026380683     0.99927333
      1.0000000     -1.9971630    0.023891122    -0.99927330   0.0026369335     0.99927330
      1.0000000     -1.9971631    0.023890724    -0.99927332   0.0026358205     0.99927332
      1.0000000     -1.9971631    0.023889633    -0.99927334   0.0026345838     0.99927334
      1.0000000     -1.9971633    0.023887693    -0.99927339   0.0026333604     0.99927339
      1.0000000     -1.9971634    0.023886583    -0.99927342   0.0026321348     0.99927342
      1.0000000     -1.9971637    0.023882944    -0.99927350   0.0026307333     0.99927350
      1.0000000     -1.9971636    0.023882425    -0.99927348   0.0026295567     0.99927348
      1.0000000     -1.9971635    0.023883239    -0.99927344   0.0026285770     0.99927344
      1.0000000     -1.9971634    0.023882550    -0.99927342   0.0026273830     0.99927342
      1.0000000     -1.9971635    0.023881201    -0.99927345   0.0026262012     0.99927345
      1.0000000     -1.9971636    0.023879189    -0.99927350   0.0026249551     0.99927350
      1.0000000     -1.9971639    0.023876681    -0.99927356   0.0026237013     0.99927356
      1.0000000     -1.9971639    0.023875772    -0.99927357   0.0026225527     0.99927357
      1.0000000     -1.9971639    0.023875178    -0.99927357   0.0026214154     0.99927357
      1.0000000     -1.9971640    0.023873436    -0.99927359   0.0026201853     0.99927359
      1.0000000     -1.9971641    0.023871296    -0.99927364   0.0026189391     0.99927364
      1.0000000     -1.9971641    0.023870712    -0.99927364   0.0026178677     0.99927364
      1.0000000     -1.9971643    0.023869562    -0.99927368   0.0026167026     0.99927368
      1.0000000     -1.9971641    0.023869785    -0.99927364   0.0026156170     0.99927364
      1.0000000     -1.9971642    0.023868344    -0.99927366   0.0026144264     0.99927366
      1.0000000     -1.9971641    0.023868370    -0.99927365   0.0026133171     0.99927365
      1.0000000     -1.9971638    0.023870254    -0.99927357   0.0026123867     0.99927357
      1.0000000     -1.9971638    0.023868708    -0.99927358   0.0026112675     0.99927358
      1.0000000     -1.9971638    0.023868801    -0.99927357   0.0026101895     0.99927357
      1.0000000     -1.9971639    0.023867296    -0.99927360   0.0026089973     0.99927360
      1.0000000     -1.9971639    0.023866168    -0.99927361   0.0026078368     0.99927361
      1.0000000     -1.9971640    0.023864608    -0.99927364   0.0026066777     0.99927364
      1.0000000     -1.9971640    0.023864234    -0.99927363   0.0026055964     0.99927363
      1.0000000     -1.9971638    0.023865566    -0.99927358   0.0026046374     0.99927358
      1.0000000     -1.9971640    0.023862890    -0.99927365   0.0026033752     0.99927365
      1.0000000     -1.9971642    0.023861514    -0.99927369   0.0026022308     0.99927369
      1.0000000     -1.9971644    0.023858987    -0.99927375   0.0026010041     0.99927375
      1.0000000     -1.9971643    0.023859162    -0.99927373   0.0025999580     0.99927373
      1.0000000     -1.9971641    0.023860438    -0.99927369   0.0025990126     0.99927369
      1.0000000     -1.9971642    0.023858166    -0.99927372   0.0025978011     0.99927372
      1.0000000     -1.9971642    0.023858170    -0.99927372   0.0025967545     0.99927372
      1.0000000     -1.9971641    0.023858292    -0.99927370   0.0025956960     0.99927370
      1.0000000     -1.9971640    0.023858544    -0.99927366   0.0025946744     0.99927366
      1.0000000     -1.9971639    0.023858685    -0.99927365   0.0025936352     0.99927365
      1.0000000     -1.9971638    0.023858882    -0.99927362   0.0025926001     0.99927362
      1.0000000     -1.9971637    0.023859788    -0.99927360   0.0025916183     0.99927360
      1.0000000     -1.9971636    0.023859604    -0.99927358   0.0025905755     0.99927358
      1.0000000     -1.9971636    0.023859536    -0.99927357   0.0025895342     0.99927357
      1.0000000     -1.9971636    0.023858349    -0.99927358   0.0025884090     0.99927358
      1.0000000     -1.9971636    0.023857345    -0.99927360   0.0025873119     0.99927360
      1.0000000     -1.9971637    0.023855909    -0.99927362   0.0025861487     0.99927362
      1.0000000     -1.9971638    0.023855448    -0.99927364   0.0025851067     0.99927364
      1.0000000     -1.9971636    0.023856094    -0.99927360   0.0025841365     0.99927360
      1.0000000     -1.9971636    0.023854675    -0.99927361   0.0025830217     0.99927361
      1.0000000     -1.9971636    0.023853823    -0.99927361   0.0025819512     0.99927361
      1.0000000     -1.9971637    0.023852335    -0.99927363   0.0025808199     0.99927363
      1.0000000     -1.9971636    0.023852331    -0.99927362   0.0025797864     0.99927362
      1.0000000     -1.9971635    0.023852368    -0.99927360   0.0025787625     0.99927360
      1.0000000     -1.9971634    0.023852702    -0.99927358   0.0025777647     0.99927358
      1.0000000     -1.9971634    0.023852627    -0.99927358   0.0025767420     0.99927358
      1.0000000     -1.9971633    0.023853200    -0.99927354   0.0025757840     0.99927354
      1.0000000     -1.9971631    0.023854338    -0.99927350   0.0025748423     0.99927350
      1.0000000     -1.9971632    0.023853208    -0.99927353   0.0025737888     0.99927353
      1.0000000     -1.9971631    0.023852518    -0.99927352   0.0025727382     0.99927352
      1.0000000     -1.9971630    0.023853696    -0.99927349   0.0025718452     0.99927349
      1.0000000     -1.9971631    0.023852080    -0.99927350   0.0025707276     0.99927350
      1.0000000     -1.9971632    0.023850674    -0.99927354   0.0025696373     0.99927354
      1.0000000     -1.9971632    0.023850550    -0.99927354   0.0025686433     0.99927354
      1.0000000     -1.9971633    0.023849193    -0.99927356   0.0025675673     0.99927356
      1.0000000     -1.9971633    0.023848301    -0.99927358   0.0025665275     0.99927358
      1.0000000     -1.9971634    0.023846847    -0.99927361   0.0025654472     0.99927361
      1.0000000     -1.9971633    0.023847892    -0.99927357   0.0025645013     0.99927357
      1.0000000     -1.9971632    0.023847970    -0.99927356   0.0025635777     0.99927356
      1.0000000     -1.9971634    0.023846211    -0.99927361   0.0025624693     0.99927361
      1.0000000     -1.9971635    0.023844540    -0.99927363   0.0025613831     0.99927363
      1.0000000     -1.9971635    0.023844155    -0.99927364   0.0025604458     0.99927364
      1.0000000     -1.9971635    0.023843392    -0.99927365   0.0025594028     0.99927365
      1.0000000     -1.9971636    0.023842869    -0.99927366   0.0025584343     0.99927366
      1.0000000     -1.9971636    0.023842927    -0.99927367   0.0025574822     0.99927367
      1.0000000     -1.9971638    0.023841600    -0.99927373   0.0025564037     0.99927373
      1.0000000     -1.9971640    0.023839769    -0.99927377   0.0025553093     0.99927377
      1.0000000     -1.9971639    0.023839801    -0.99927376   0.0025543508     0.99927376
      1.0000000     -1.9971638    0.023839136    -0.99927373   0.0025533082     0.99927373
      1.0000000     -1.9971635    0.023841935    -0.99927366   0.0025526049     0.99927366
      1.0000000     -1.9971635    0.023841525    -0.99927365   0.0025515969     0.99927365
      1.0000000     -1.9971636    0.023840027    -0.99927369   0.0025505603     0.99927369
      1.0000000     -1.9971636    0.023839058    -0.99927369   0.0025495497     0.99927369
      1.0000000     -1.9971638    0.023836458    -0.99927373   0.0025484074     0.99927373
      1.0000000     -1.9971637    0.023836273    -0.99927371   0.0025474449     0.99927371
      1.0000000     -1.9971637    0.023836046    -0.99927372   0.0025464553     0.99927372
      1.0000000     -1.9971636    0.023836516    -0.99927370   0.0025455297     0.99927370
      1.0000000     -1.9971635    0.023836975    -0.99927369   0.0025446196     0.99927369
